8,1744889	-1.0248970005443332
8,1444287	1.7063381686825934
28,1363315	0.6424085003375937
28,869426	0.6817343430342229
28,2522229	0.135201599872266
28,1988375	-0.46372242296480026
28,874293	0.4967012113718776
28,2243490	1.6608192218754305
48,744365	-0.8269606642295178
111,844748	-0.1510530068719711
111,1577820	1.0754626493572097
111,682695	0.25401028426726935
111,382518	0.23335738619931456
122,1156245	0.303948609907009
127,1741303	-1.170426666576554
156,1062260	0.8660461712688856
156,2344901	-0.21728716206444787
185,423990	0.4230552512275745
287,2178153	0.006642512269051881
305,2352305	-0.23836804684832513
305,2025860	-0.9929291483973786
305,2529138	-0.3731489286171583
359,2209351	0.25496317562054793
361,936998	0.6708828073129003
361,1971796	0.4062286852064969
361,646323	1.5785133294012534
380,268585	-0.11422401086371803
409,1761875	1.0440644253928948
442,108484	0.5463646297610585
442,1557477	-0.8403946604967252
442,453321	0.8723796341741212
442,639257	-0.2725067294622425
442,1677426	0.34040993720442403
443,2464495	0.23985304641943905
443,487133	-0.0750485468326696
443,2405523	0.8931000928488166
452,1699240	-0.34619054294223206
518,1339784	-1.0466459565044373
566,2438449	1.2838192863756186
595,1299887	1.0928707335450176
636,260008	0.03162845237208778
636,1640334	-0.8229714834178741
636,1269656	0.20100667402157235
636,1481308	-0.784236381533983
638,155586	1.4222640428181048
647,124728	0.982620846507456
681,1095815	0.13074883200626086
712,690770	-0.0818925628826146
722,2090005	0.690756328227843
723,1534317	0.21935857052783492
723,2203568	-1.0851868840176198
723,2200718	-0.16939741033340905
725,2152465	0.2569761953526575
849,2048340	1.1498154710844846
851,2474943	0.34025190491976387
851,2232915	0.4014380911059501
851,1159968	1.1023379346114273
851,1041383	0.7486603133281724
852,107840	0.4599277525545187
907,442276	0.45025532738236285
930,912093	0.2478138134168666
992,1203779	0.6430080754787553
992,1829617	-0.05230442452124473
1046,722289	-0.06862360541702506
1046,394895	1.197070081940105
1046,981582	-0.34548310954925654
1046,1808630	0.27451689045074357
1046,78222	-0.1562939203600675
1076,1403217	0.7550676395021934
1092,1598488	3.495335496794816E-4
1100,2606685	0.7701613332004844
1104,923703	0.3719860144138494
1104,1115828	0.518689311117146
1104,2141441	-0.4795249745971395
1123,1895244	1.3072903939173184
1123,1706645	0.08107615572703253
1134,1444271	0.4150081877733012
1140,1876520	1.0241234978598848
1146,2489526	0.2905860913148053
1202,1916224	0.9094559436699039
1202,766982	-0.45690202709135175
1202,38514	0.8209763120014024
1202,454758	-0.043552927104490546
1202,436156	0.5187607282324205
1202,2286322	-1.116111066639374
1202,1477723	0.4585828109116461
1202,629227	0.7383816869838142
1202,761524	0.11604579610572419
1202,1344791	-0.5423832559884865
1213,926462	-1.161627351019431
1256,1875017	0.2768831747003251
1256,367727	0.1991693589108512
1289,2488972	-0.3015321168312384
1289,1658397	0.715630354564643
1289,919393	-1.8159431444001606
1289,2121650	0.10965209369507756
1289,539186	-0.4998662549287758
1289,1515355	1.057536709079693
1305,2167204	1.0775351002163576
1305,2259483	0.19708055476181174
1305,227387	-0.141984865798936
1305,1649775	-0.1356023720674564
1333,1268699	1.17024996701093
1367,184660	0.657538685294428
1367,1966750	-0.5247595294402965
1367,232437	0.35410225917758975
1367,237286	-0.8757719546588882
1406,1816366	0.5737298858017499
1406,2647197	-1.3774928947677645
1406,2358799	1.3873124403188837
1406,302198	1.3534577769582121
1406,1019056	0.5813489334207973
1406,2261465	0.2810417137587389
1406,316149	0.24149244287937544
1406,655601	-0.5716964707873977
1406,269474	-0.1080146624848548
1406,673837	0.1906878146043387
1406,1058034	-0.36004300797114386
1425,1763289	0.48251965220438686
1425,1684416	-1.4484463653595694
1425,1436822	0.19017797326476948
1425,27061	-0.13643053273304995
1432,1918794	0.37548530187191087
1482,661407	0.20133851150678117
1482,1332725	0.21976698226083347
1488,454519	-0.38020906508628194
1564,2473781	-0.8143002992764932
1615,1754009	0.7235872416091431
1615,1619747	-0.4319224302013329
1615,930113	1.264316444332115
1615,2114400	0.13840539271825225
1615,1094850	-0.7109921976431934
1615,243736	1.4360666258862183
1615,1491358	-0.059477046128042055
1615,1476304	-0.16382238632243862
1615,637185	-0.6689361228768385
1629,880866	0.47068270908071863
1668,1553270	1.2980342494024937
1744,2084362	-0.946543288739103
1744,2104458	0.19161460599773905
1744,1149249	0.582566300301993
1744,1365379	-0.6753894425852565
1744,927953	0.03559956840375422
1744,1090296	-0.519345486541301
1744,417746	0.8496278824320682
1744,573077	0.22176379787507017
1744,2222576	0.05857367032522465
1744,2148958	0.3993869438190365
1757,1029224	0.10625863332556973
1757,713326	-0.6851933573067486
1803,2494497	0.9871397082318385
1803,45018	-1.4308867097945797
1803,1273680	-0.9280007069085769
1803,153167	0.4245279014339851
1832,1481142	0.7426122712841559
1832,892278	-0.022126957740787212
1832,2260480	1.595880245140365
1832,2235512	0.15683693550882039
1832,138835	0.6482636122803247
1832,916704	-1.2945222316398204
1845,2600558	0.2999223882615518
1848,27061	-0.07455886835739278
1853,1774825	1.6460867921825475
1853,198626	-0.01827524427251248
1884,989704	0.2181536791799612
1884,2012052	-0.106482111209254
1884,1790831	0.3169255480248232
1893,1766397	-2.23981246266585
1901,272854	-1.1273061558835984
1901,2293692	-0.46562361869936897
1901,2463759	1.6779537761384669
1901,2143054	-0.21489668240542237
1901,2313362	-1.5378710413797814
1983,2026928	0.4992289572743749
1983,1062246	1.2015340831463797
1983,1469231	1.5216399032521997
1983,605082	-0.26095776290711026
2015,2000681	-0.023892063734757496
2015,1197972	0.09120649558286864
2015,2082452	0.7909948476482604
2043,1933151	0.566701111355179
2043,14704	0.21143795346044225
2103,2071184	-0.934148641016749
2104,2307327	0.03667072866898646
2104,1155797	-1.9325502539107746
2130,154698	0.4192876972192501
2212,1538173	0.24371488016312615
2212,1458868	-0.22938718117422896
2212,1035000	-0.1298530412771357
2235,1519073	2.2922833194986456
2243,2147765	0.7342740148272906
2251,168190	-0.1443811757775859
2251,927240	-0.1299661429576453
2284,576943	-0.43629081014793414
2284,1317026	-0.06134624252043963
2284,866048	-5.332343903581283E-4
2290,1441263	0.420800330296351
2290,297742	-1.6118685512097395
2290,1220079	0.8972889579477696
2290,1970974	0.5350808535521652
2290,1825773	-0.29599553533672385
2290,2508768	0.36696742762623913
2290,2607183	-0.19599553533672376
2342,2547935	0.5537954713540509
2342,854659	0.36187045332953716
2342,242209	-0.12880686782723583
2342,187062	-1.0221283808295998
2342,1390581	-1.0835559717698882
2342,1680230	0.11331798898834267
2342,756226	0.46455062009546966
2352,1110156	-0.5726772483739322
2356,1276353	0.717576888802661
2366,254078	0.44466903147103887
2375,1423063	-0.2604705741939739
2375,2024833	0.2799301435093753
2430,2504752	0.557979440338956
2430,4057	0.5430815494785608
2430,128389	1.1342817147336737
2430,526043	0.37822525802417273
2430,877320	-1.5400726786397225
2430,838612	0.06323952216245088
2430,54942	-0.2822781417133915
2430,582829	1.6723783219792168
2460,574843	-1.303276154931026
2460,616173	-0.004608427748683752
2460,1088988	-1.9670976664647086
2460,1843626	-1.3217469769193988
2510,50123	0.696345375805755
2512,427186	0.5245514394677966
2518,1621746	-0.10713261302389965
2518,531010	0.035064860831865996
2528,1353855	-0.15257084453569858
2528,678032	-0.04432711693713198
2528,2013713	-0.21321600582602107
2532,1891825	0.8954476996221921
2532,101722	-0.5457183153084868
2552,798296	3.6052803892680867
2601,260373	1.1003472212902818
2640,2210403	0.184272142160403
2640,44434	0.5226957874806
2643,1487570	-0.0010207328948532712
2659,2606334	1.6804963508345727
2660,1226073	-0.9233029289601431
2660,1561764	-1.3561031534270342
2660,1558352	-0.9866690161357541
2660,2166018	-0.04581809949791271
2660,565372	-0.135648607972489
2660,1687562	-1.44457717940106
2660,1724806	0.6786371063132255
2660,2595820	0.41662411930023824
2660,2321453	0.6043513920275112
2660,896462	0.032705822407257834
2675,2281080	0.5559352374515245
2675,2276627	0.8580081645244517
2675,147644	1.0284627099789971
2675,1476304	0.07563252129975195
2675,1181331	1.3296675292561058
2731,2284189	-1.3935646577732363
2731,1765816	-1.1722988349884265
2755,1658953	0.7666332770114832
2755,991649	0.04420219931724745
2755,1035000	-0.028999421756714217
2755,780871	0.5257331294463086
2757,1792263	0.43647854735974656
2757,2327743	0.6884720232568107
2757,1183437	-0.5324258408994806
2757,2409816	-0.3323908544567269
2794,698125	-0.16604431425447963
2861,898713	0.7726841603876804
2866,1246041	0.14937508090508134
2866,2141105	-0.3115058523209848
2866,265257	1.0520082406968316
2866,1903703	0.5353071867738959
2905,2472440	0.7727141734028127
2905,1559083	-0.13979066593129463
2913,701730	-1.0147433982128597
2913,2392536	-2.0331257511540364
2913,1029120	0.7371062076088504
2913,763840	0.25020758217929684
2913,828349	0.2625067789664457
2913,2080843	0.7688479330564899
2913,648350	0.4621328695356186
2913,1819034	0.7665029617172507
2913,414604	0.8761996456713605
2954,2268573	-0.24204439090271634
2954,157357	-0.0744233277880646
2955,1828803	0.7667684193321582
2955,2255117	0.6307794083431473
2955,1666057	1.5171837017241847
3022,1114324	-1.5385679783880577
3043,2171187	0.13847150528340668
3068,2307923	0.34180393660657593
3084,496831	1.1769486097604522
3107,1330849	0.29448416117975906
3135,874883	0.6675836976081859
3135,1137159	-0.42652893946197246
3147,2457720	-0.12565769244154668
3151,872028	-0.11713398787609597
3151,445926	1.2351915935192528
3151,1300982	0.38330480106642284
3151,1796298	0.3799967883244477
3151,1614673	-0.8414750731474134
3151,352068	0.8161439744716339
3151,1837942	-0.12548801813123234
3151,2228660	0.024477307804967374
3151,1440251	-1.0181982369892215
3165,1837439	-0.7416843004824458
3165,294826	1.231951222181754
3165,2299152	1.4762362961396205
3165,2036646	-0.2183920272461637
3165,385371	-0.5664183430356373
3165,1271456	-0.5289183430356372
3165,2583202	0.3760816569643626
3170,1265961	0.19652144155559137
3192,833276	-0.011664345168791446
3192,640174	0.8089709854097209
3201,1720130	1.885995912163223
3229,789014	0.20600014440332792
3232,1367701	-0.5613620822140004
3232,1635523	-0.8074323549833027
3237,1278941	-0.35702378703961735
3253,1584876	0.8336449862136299
3253,175740	0.6786982586641628
3253,1140172	-0.7893572968913927
3269,2636378	-0.37311176251279665
3269,1394516	0.6163202580690359
3274,643460	-0.07356937897866489
3274,1993007	1.3309250030438071
3274,629010	0.8622104375350967
3274,1667019	-0.22574329202214294
3285,923325	1.0428832415387914
3285,248194	-0.5642115403125034
3285,244297	-0.2225422188725541
3285,1168926	-0.12265101800216138
3290,342330	0.8340905322914978
3290,2379951	-0.7953894128053456
3290,157646	-0.6218384467826938
3290,577547	0.7316808937372805
3290,1900912	0.2350694479541482
3290,210185	0.7977611657455594
3290,1242697	-0.2704452579282046
3290,2346704	-0.49133361327034164
3290,360347	0.8804498827367571
3326,212883	-0.5783845684784632
3326,102225	0.7228202507986454
3326,1999678	-1.392817558169185
3326,684587	-0.0901492743608161
3355,1859573	0.09194460030606733
3355,1004652	-0.41361892276400836
3355,2201507	-0.7479022729524796
3355,2153721	1.4169746845419273
3418,2109681	0.571181033680169
3418,2398061	0.5267443375698329
3418,598757	-0.9819098269646487
3418,2269029	-0.1822528637934635
3418,2337494	-1.302015847411449
3418,933895	0.3495534427865232
3486,651389	0.09403821477413876
3538,2213715	0.25880115397441505
3538,782308	0.8224218778545187
3538,206243	-1.4451283051331716
3538,2288858	0.7949898229904089
3538,1565851	-0.4741834305878867
3538,579483	-1.9893720283419896
3538,2171936	-0.015148425857517633
3538,389506	0.9982969522937428
3541,770469	-1.4117457152030455
3541,1721994	-0.4476106941059994
3541,1611512	-0.4050790485363791
3541,2082272	-1.2176817882624063
3541,616997	-0.29409865637951604
3546,952063	1.3963546444325279
3587,934693	-0.4730722488954524
3590,377937	1.0681801963005761
3613,356035	0.10842104688669574
3638,2105033	-0.12596419287278238
3638,1511249	1.633850760865652
3638,2574175	0.48778792936830406
3638,1965439	-0.6894050530878362
3638,1812382	0.9123190848431983
3638,1866094	1.7455155818327985
3638,1380372	1.392148344970416
3638,1198962	-0.631510316245731
3670,1652711	-1.8563817040409702
3670,1805932	0.1990437448271014
3670,1717532	-0.4989126890377089
3670,1744381	-1.0963084439677102
3670,1357598	0.020449797790531576
3685,1710658	-0.3096662665277581
3733,2126435	0.2157342983709074
3740,136854	1.2220884198270343
3740,2480001	-0.0012561368508556825
3742,253616	0.24487931874852897
3742,400876	-0.014804891777786988
3742,90554	1.2079420961740204
3743,555136	0.7082169591527485
3824,1423100	-2.038886301136056
3824,672989	1.4096056690950447
3824,2626701	-2.660174255757344
3824,546751	-1.2671911365837483
3824,1600015	-0.18045644270619743
3862,1355647	-1.9413545541162716
3862,1032704	2.1677758806663374
3889,623645	-0.403260951303277
3890,1523442	0.7535410791776398
3890,439970	-0.060272734636174
3893,2104061	0.5777830463607305
3893,2143486	-1.739784521206837
3893,2475608	-0.6647845212068368
3893,2561741	0.10857613453086801
3893,1138216	0.46370385088618615
3893,1670329	0.4054250596314861
3903,2355630	1.2818679370297654
3903,1659327	0.004428643431531043
3903,530763	0.7751813316035738
3928,1093564	-0.4895461940219574
3944,789969	1.2511740040748234
3955,1738284	0.27378942383563354
4042,431732	-1.7323952619195055
4049,1433935	0.6679316686107302
4064,140498	0.13009758068043586
4095,954537	-1.6332798135108515
4144,333426	-0.13616759776127196
4144,2470313	-0.263496790307856
4207,2517390	1.4941360032647717
4207,551943	-0.2835704187535768
4239,100922	-0.7193982821999247
4283,102442	-1.0455614593543068
4346,2472066	0.17037534813753208
4405,154669	1.2551948769037637
4429,2415495	0.26900997346563127
4432,1212375	0.6524139585382529
4432,962098	-0.4608981857443992
4432,1532984	0.016961256641557565
4432,847496	-0.5423108867890019
4432,721591	0.5975020030238878
4432,2257458	-0.16595953543765063
4432,784305	0.8167327722546571
4432,1952102	0.4729060107808367
4432,1431911	0.17194369036880097
4432,2424183	-0.5409595354376506
4432,1482441	0.5760307558244855
4439,2359103	-0.26683500379585245
4441,2434253	-1.1082740217736222
4485,492394	0.8707153577307092
4496,782316	0.3417141372476
4496,890183	-1.9195801240466612
4546,2200308	1.5024711116698617
4546,2597530	0.022207953775124967
4546,2136912	0.7742349808021518
4563,422071	0.9741099695034277
4586,1857952	0.46820962776787844
4586,748592	0.07210573166398238
4586,404751	-0.49607608651783597
4627,2341304	-0.4040967549337484
4627,1605124	0.36468106088275265
4640,2364980	0.7296670676283692
4640,586854	-0.9030934049817279
4640,2521619	0.23374870028143002
4640,2215021	0.2264316271106983
4640,2460025	-0.10196558543285539
4640,1483098	-0.01723169187543272
4640,659176	-0.28204077340278033
4640,1799922	-0.05604721808591684
4640,1503267	-0.7169362312254193
4640,684777	0.2589914187280322
4640,877856	0.6499649164976464
4647,1419935	0.6616553574003734
4685,787944	0.19619030454185804
4685,546576	-0.7438812518087685
4685,214850	-2.4985428901913367
4761,574499	-0.8787209272692946
4761,1146632	-0.006740250940791892
4761,2035310	-0.6435898589236855
4761,408284	-0.058500085309321825
4761,485601	0.47537120379209297
4847,2149668	-0.950202793000841
4847,268567	0.5197972069991588
4847,1435030	1.0486207364109235
4847,2372856	-1.1538809539203814
4847,270692	-1.6011118839099319
4847,986251	0.18491915821867133
4847,349653	-1.370667909279911
4847,1534845	-0.023716306514354635
4849,1746455	-0.4364852308723006
4849,1915183	-0.05169071032435513
4849,593886	0.020380440769490527
4849,2458825	0.4901534245898844
4852,2455340	0.003890924193462375
4852,2524933	-1.2593078335705128
4875,305344	0.7910908392403961
4876,1658716	-0.14049851309122552
4876,1388677	-0.9736187176948063
4876,319268	0.8571810179297805
4918,2471102	0.6608632201890381
4932,282953	-0.20280362227641646
4932,2320450	0.2939520420146162
4932,2479857	0.5954670142006737
4932,1587148	-1.6204100664651393
4932,2597973	-1.4749555210105938
4932,284823	-1.0912345907780359
4943,511112	-2.2555884296639688
4943,1727961	-0.9036200855081247
5025,2336005	-0.16425092484570536
5025,110472	1.2191734831688663
5025,2240010	-0.6108918763082576
5025,254789	0.856721375889173
5025,154698	-0.736382072386689
5027,588280	1.3488009711621562
5069,2308912	0.7985572048493785
5069,527953	-0.5463160259825126
5069,1163933	0.2181893519905218
5069,2182671	-0.5523375517517981
5069,1191408	-0.44566305576432486
5069,1136724	-0.2591024898934142
5129,324510	0.2871396529665602
5149,1867770	0.7769190160555142
5149,1762695	0.4724035416770258
5220,697038	1.6380957660472686
5220,1894544	-0.09837957619254656
5272,1160224	0.8336711378629529
5326,2035595	-1.5255166151698298
5326,1999685	0.8872597976065832
5327,199257	0.7528170315582541
5327,2067972	0.4597210869489565
5327,2562900	1.0407139947503747
5327,1705359	-0.9390582557740483
5336,2007970	1.4201422989069568
5342,1374197	0.6080680420917042
5367,566325	-0.1489074042751155
5367,467182	0.002455579942961972
5369,791291	0.2426544806790205
5474,1447639	-0.24056071311478222
5562,1602952	0.7625077648528764
5562,2452906	-1.5888142334993067
5562,2156708	0.5852355559350979
5562,834611	-2.491341020641479
5562,1480807	0.35412325551586665
5577,2268420	-0.5672613263021558
5607,1704130	0.3255160500645151
5607,1445536	0.0015586543249410667
5607,2558357	0.14239170314706495
5607,643372	-0.37648571945550247
5640,2625420	0.03740776574497762
5651,1933255	0.05249526837545293
5651,877394	-1.380562955336555
5651,1733915	-1.9479878700920317
5651,1362044	-0.9829245789527912
5656,488350	-0.3098298279060572
5656,1548908	-0.1603792784555078
5656,1169796	0.569145913333835
5656,2375033	0.8746706389473506
5656,520080	-0.49619942161510044
5700,395087	0.867539742320941
5727,174868	-0.6494864976889874
5727,2316025	0.2026347144322247
5727,755820	0.668695320492831
5727,313694	-0.7173652855677752
5727,1205174	1.0566328677101562
5727,2391620	0.48475309449452997
5727,1629456	0.455107832711795
5760,768749	0.7328352062583017
5760,2537543	1.2572856988181336
5760,840996	-0.07765060422750913
5760,82663	0.4454975439206392
5760,1337228	-0.2452919297635714
5813,1635449	-0.6208041087983778
5814,313260	0.20397511489800157
5814,1767421	-0.30965171948354975
5814,381352	-0.5068739417057722
5814,880097	-0.7971800641547517
5814,1849621	-0.16250457233640292
5814,2618308	0.5293505480901461
5814,2570496	-0.5906974711175366
5814,292269	0.25552763309737747
5814,1054248	-0.0900134765894931
5897,525356	2.187032618948343
5897,2190131	-1.051641844989279
5897,649264	-1.1110357843832182
5897,2054908	-0.3397577870182644
5943,347276	-0.04947557792473534
5958,1057722	-1.0703955512733403
5963,444105	0.6155352893325903
5970,372887	-1.6571776191145031
5970,242425	-1.6053257672626513
5970,2316467	0.012503690101689724
6013,1297347	-1.8718143750619811
6014,33430	1.1630977960246165
6014,879028	-0.2507653867008419
6069,387418	1.2155912647989748
6085,1334284	0.100572963230952
6110,1118884	-0.8150637592053194
6110,1771748	-1.5149129296427248
6110,509532	-0.15847035261191245
6172,2044923	-1.0087756506142327
6177,338723	0.9676646612240511
6190,2496492	-1.3598569846009325
6190,731592	-0.8401840157710909
6190,2115571	0.8045528263341719
6190,2214494	0.26710343362162137
6220,2213625	1.2809732627659383
6230,2051278	1.63566063428989
6234,1707646	-0.7691843572304764
6281,1713284	0.40816173902948005
6281,876475	0.13832267132692744
6281,2377128	1.0648912987779076
6281,1002509	2.498616788973986
6287,3039	-1.3135498054818862
6287,2575254	0.5081640652515924
6287,1630419	-0.20895113147991085
6287,1999176	1.1930338498780682
6287,1008517	-1.6272752956779644
6287,2520193	1.0708671191827168
6287,2185058	0.8772998677207284
6287,718158	0.7455538359746967
6287,2119555	0.43292999449179437
6287,2349595	0.262653403074264
6287,462128	1.7398104699259873
6287,1084524	0.3287210563512195
6291,2070798	0.5241289308614485
6315,1654627	0.4763653393452283
6315,183674	-0.006828462978900163
6334,668855	-0.9758944482694494
6336,1018901	-1.387147236610942
6336,2282361	-0.4457229901978845
6336,1677588	-0.4567096492547438
6336,439729	0.7783714227907232
6336,1950809	-0.7695807264387984
6336,250091	-2.3197944016524734
6347,1176404	-0.4819849386068049
6347,2525493	-0.41592433254619854
6347,1469029	0.8677586511367852
6347,480305	-1.3602425143643804
6347,1099977	-0.5744923132380726
6347,1089664	0.2939831252654508
6347,2634967	0.0011789032011051415
6408,2625623	0.4798855854506545
6408,1704384	-0.882019176454107
6408,2551462	0.8114645328190759
6408,1707884	-0.7769045380061352
6408,1882379	0.1135139040347255
6408,188826	1.1428485484136175
6408,431019	0.4342715503629355
6408,477297	0.19949342858790953
6408,867967	-0.028079016319257022
6408,2608976	-1.5973421373216223
6408,553115	-0.8544281400395413
6448,740226	0.7220705841114174
6482,620147	-0.6107861615062942
6482,1139518	1.600752300032167
6482,688455	-0.25892135964149254
6482,489363	-0.2386801122157789
6482,2000	-0.6368242826771588
6482,215384	0.5076689128311331
6482,1825413	-0.6784499791701122
6482,441361	0.2787409780208452
6482,676564	-0.8662806670007996
6482,1766524	-0.7762509050960378
6523,365119	-0.4951597103150176
6523,1933788	0.34450971117258566
6523,324304	1.385328094563031
6529,134972	-2.438148742185226
6550,133993	0.13281782138797427
6556,238740	0.8243342737391255
6556,1577696	0.22646229265484896
6556,567198	0.36909353870165473
6556,2490507	0.07175091744262518
6593,1675194	1.3610133819096055
6666,1434637	-0.16751285083624756
6666,1021618	0.21977562619840185
6748,603277	-1.6291180475590248
6756,850586	-2.6547405486383706
6872,925446	0.48335672941883123
6872,1646639	0.35117340799390506
6911,2090902	-0.4517183075992719
6911,56790	-0.25911334576721057
6911,2227455	1.4089331008514323
6911,190607	-0.3495267491577132
6911,1711223	-0.1857460853770494
6911,21364	0.1499264292428335
6911,60183	-0.55631995595092
6914,2219553	-0.09240332827620934
6946,2455281	2.263111485137629
6971,404652	1.1248892247054383
6971,1369550	-1.3467255776494818
6971,888617	0.016733946516311438
6971,1390954	-0.6446820707279262
6971,1552084	0.5615458963696058
6971,2483288	1.0330278973046223
6971,2447051	0.38328502680438836
6971,1821855	-1.8406280166738722
6971,1894534	0.2651412140953586
6971,684488	-0.7862801905869157
6971,2214494	0.8324489064030507
6971,1797765	-0.6560485774215357
6971,1544409	-1.2700173296509716
6988,390067	-0.39103026300382693
6988,1197388	0.16892056949142376
6988,661149	-0.818178642426961
7067,2417642	-0.6305531422444695
7067,2416772	0.09001464878501775
7067,370271	-0.5766256236039284
7067,1293986	0.16498265831597125
7067,881085	0.867174868141769
7067,1797061	0.884499885466786
7067,239178	-1.373045981568132
7132,915726	-1.4376245868958732
7145,418653	-0.4912390715924624
7145,582768	0.5754275950742045
7145,2072840	-0.09426937462276541
7145,2187764	0.861737118883728
7147,981199	-1.2191392023114171
7186,1971448	-1.854510584544121
7238,216534	-0.2107573051076237
7257,385102	-0.4296657497286023
7257,2534532	-0.25046764479791284
7382,2150746	1.676172871112744
7406,1928860	-0.3378875572069884
7406,2412161	-0.1661133636586012
7406,1144968	0.452219969674732
7406,2592269	0.5800987575535199
7442,1567792	1.755048519207326
7476,41412	0.29657221045881954
7511,2386920	-1.1426264953436966
7511,257966	1.3497508798220128
7511,1287939	0.5679663555717349
7511,2018010	-0.8206137738534647
7511,1786671	0.34641403401941373
7511,392077	0.517050924011142
7511,1826257	-1.132006884995565
7511,733746	0.5394871300775841
7511,776939	1.4393627519681313
7511,234275	-0.14284445523907552
7517,839182	-1.497279214445134
7517,2641733	0.9036675798329354
7517,2598300	0.10819789295751914
7518,1354129	1.1029604005819493
7524,1760492	0.1724330180615068
7544,1010725	0.566122153692973
7544,131016	-1.3463357587649392
7544,1437996	-0.7712369445356906
7544,2086999	0.3374587076382225
7557,115682	1.0995962579743925
7571,2554035	-1.3346083444059458
7587,737984	1.4444208141832546
7607,262862	-1.1701005431574272
7638,232286	0.9620895369775901
7736,342877	-0.3596487725744777
7763,1053026	1.148044484841337
7812,69779	0.22226597195024622
7899,353820	2.4269407442600865E-4
7899,2633545	0.43594535278305324
7899,962273	0.6545489141701202
7899,211704	0.7255716414428472
7903,690615	1.1148010404523552
7923,1001129	0.20775009507420394
7973,2479445	-1.4093690027994672
7991,1476383	0.4182972434587575
7991,282102	-1.189490030995184
7991,2090792	0.2013741665356803
7991,1662625	-0.19844884231387727
8029,595870	-0.0053502573173072054
8051,2003550	0.38884278431426145
8051,2610423	0.07531399590027332
8085,1632503	0.9976200236405237
8107,354091	0.7714379054651572
8107,2183130	0.3965899530391539
8107,942016	-0.269076313467449
8107,1453713	1.2481871136425258
8107,851330	1.1657710431967359
8107,1661655	0.14268839241490427
8107,329322	-1.6700051060371082
8107,1109629	-0.5887694080966046
8162,2515812	-1.2855069974619724
8163,962273	0.08345574577167403
8166,1096159	0.4098678962776532
8354,1333	0.10960510349171226
8384,887273	-0.7860028191750339
8384,1120853	-2.1846514678236826
8384,1795873	-0.3557040994026299
8384,1722054	-2.0835403567125717
8392,2555614	0.3353438917392113
8428,1894278	-0.7617412005915742
8428,539186	-0.427002792458671
8448,2055183	2.105766851434282
8493,1928175	1.1857934042028346
8493,2116966	-0.48959121118178084
8512,732635	-0.06971157723580346
8512,1890954	-0.4981531356773621
8512,1906026	0.38541157547355587
8512,2279609	-2.1778068153310417
8512,1926651	-1.0175558886130491
8526,236873	0.8100792206899676
8526,96837	0.24244331677087771
8526,607897	-1.552558141947395
8596,1350497	0.4624341468271673
8596,666367	0.7314772987971483
8596,27165	1.5508956852887055
8596,1300982	0.5759319697589524
8596,1146632	0.16767383467555064
8596,2379864	-0.03571507237468374
8596,1510130	0.02327330766632807
8596,947730	0.41007682672791157
8596,428070	0.7307599386823709
8596,1594542	0.009397709580203806
8596,460283	0.7908622404726522
8596,102442	0.6023085581301499
8677,2096154	0.5487822929601309
8677,719094	0.8121751501029881
8677,1486851	-0.34407484989701187
8678,1810670	0.25460537626113044
8699,1062351	0.12879711595242282
8699,1401726	0.8089317960871032
8781,1638551	-1.0556415748021761
8825,860700	-0.48021111783655357
8849,1422758	1.0359718352242981
8851,1374435	-0.5093302580709387
8851,71874	0.8389843486706345
8851,2134641	1.4174157212196543
8851,863309	0.24115826171411303
8851,1737824	-1.0651252403704614
8851,2263982	0.012317682003967878
8867,1942723	0.03053609651577016
8867,1359758	-1.0737369623690656
8915,455962	0.7610041361810675
8915,2224525	-1.180801883885822
8915,400169	0.5898502900272216
8915,1500	-1.1962608210838899
8915,1952339	-0.5089592337823023
8915,2032402	0.40373917891611066
8915,2642403	0.14086655018982297
8915,249030	0.9919145102107074
8915,2476470	-0.3651497099727785
8915,84748	1.4787057117139684
8919,438637	-0.31570463550223726
8977,658890	-0.455705608809291
9028,1260240	-0.4515433286205752
9043,1566876	0.542348892122039
9043,2004076	0.7050737422219719
9043,2036971	-0.19160817997482438
9043,1863477	-0.7236921379958137
9043,1577480	0.27740413467709857
9059,418190	0.024885134610931114
9087,1627955	0.36013289040407015
9131,344861	-0.6409241850394132
9131,2419242	0.6725241086791929
9131,398661	0.27239232743605646
9152,1494821	0.1485087854766185
9230,2072811	-0.4097856292323536
9237,553115	0.5455377955860636
9310,2209351	-0.16484166792602917
9343,712297	-0.3056895979082519
9410,744875	0.34567849798587824
9481,141745	-1.785979500702858
9481,1676265	0.2641435693351819
9481,577109	-0.2320893249295919
9481,772009	1.3131382989857774
9481,211270	-0.6235918241945138
9481,2061495	0.5946099301914511
9481,1081910	0.141958415039936
9517,740649	-1.124846676378879
9518,2306987	0.07766494611737151
9518,1961707	-0.6445420637402406
9518,1073300	0.10349139239836358
9528,2571175	0.7529355272192828
9528,2051278	-0.4803861019942004
9528,1833607	0.7791709368407509
9528,2133545	0.015077607683218641
9528,2145961	0.3637272700988228
9550,125493	0.7445828205383949
9617,2581970	-0.49388490999494694
9617,1392518	0.6075664074631337
9617,2345195	-0.5221745731104095
9617,1421091	1.6946991328937315
9617,1373027	1.5087223799878449
9617,2126379	-0.16853453266551588
9617,1438518	-1.4481580099634113
9617,1992642	-0.5441831968976891
9617,363230	-0.7408622476217777
9681,202381	-0.6879847437904898
9681,705296	1.1537288523478852
9681,663830	-0.578594379975347
9689,1355423	0.6163494452535163
9689,1006269	-0.1406415312496554
9689,1807578	-0.9652096206805498
9689,810019	0.6967568427340844
9689,1943174	0.12184395074802179
9689,421901	-0.960454185897941
9689,483361	-0.7544626694610375
9717,311027	0.9842301026257512
9717,2020475	0.8751952695343146
9728,827100	0.9370549720709551
9728,891625	0.15656716719290653
9728,2157783	0.72020353082927
9728,854318	-0.7623517517260123
9728,2296108	0.08949399646119938
9728,712024	-0.10292650369316947
9728,1363820	-0.6690142281559308
9728,63971	1.5437852123056883
9728,17864	1.319014424576873
9728,1839934	0.5348280367581237
9728,219481	0.7579185185442578
9747,1756111	0.09706061094721985
9798,920401	-0.0028693209201069436
9798,816504	0.2730665079568979
9798,1811650	1.2886167471913477
9798,2133714	-0.3359817208096407
9805,1286550	-0.7839650242711325
9805,1410753	0.47726092013371435
9817,390062	0.01789148591190859
9867,716173	0.12365673087667295
9946,1821395	-1.0595339625914897
9946,1315389	-0.6331531958598458
9993,2263006	-0.32071319051058955
10019,1258560	-1.802282720065977
10024,128863	-0.3876545471626751
10080,317829	0.7609302276936551
10080,2296108	0.5958178412756734
10080,2411778	0.06533003639762436
10082,512303	-0.9382659315157436
10082,968595	-2.095040125064131
10100,1287892	1.0540813343747666
10109,151330	-0.15649251854195656
10109,793113	-0.31016245776589324
10109,299365	-0.4270017593344049
10109,2439534	0.20480730029862304
10255,2302374	0.893884174098587
10255,936713	-0.4394491592347465
10255,520472	-0.846299618716785
10284,347276	-2.1437522147247607
10428,2031699	-0.3425153316426872
10428,516343	-0.2424347514654106
10428,1316924	0.62661812819286
10428,43729	0.10067456176434009
10428,1187757	-2.264275923991515
10428,1402285	-1.1607983205139116
10429,2621862	0.5187431924119399
10429,2626033	1.2600019336706811
10429,1385255	0.6145473882161356
10429,1974302	-0.421268603021542
10429,259202	0.46733845679667807
10429,2473261	-0.4014199777512304
10493,961541	-0.816109702223093
10561,1811832	-0.713165435879199
10576,287897	1.6092296628604923
10662,834496	-2.7219606712521096
10662,635758	0.3881583763669383
10686,754953	-0.07441922381850796
10712,221791	0.23307316168787828
10712,2354740	-1.5804622077083685
10712,2511278	0.47047929435371083
10721,1468766	-0.37004128148922444
10721,1629301	0.7320975225264892
10733,275687	-1.034543099453959
10734,390445	-0.3849720665224119
10734,514829	-2.1189079337998664
