8	2831,49.057834852326415
28	12244,-643.9791448461749
43	58,27.979260114118595
48	1666,79.73582122152048
61	57,30.637254340470278
64	45,14.081127361466594
66	65,22.663829730158092
92	67,11.792084354570587
96	146,54.03675969585747
111	8605,-347.44994615128394
122	1429,40.16846096094095
123	106,20.248248321420427
127	1781,160.98597506096576
140	41,8.054740498086002
145	141,53.653701937114384
154	58,15.690523222599031
156	3397,202.92693615757793
174	119,49.39982890698735
185	1617,42.0861470622819
192	100,17.062136379806937
207	59,25.115757934995624
214	68,22.738394100070217
218	37,21.12802823068569
222	42,20.654345545469674
229	202,53.053052604614784
237	179,35.17332121235103
259	219,0.12289380873513345
267	552,-40.016641153275735
276	60,16.232382854909336
287	67,29.47494465771675
305	6324,-569.7049678722607
318	43,20.565591887891543
323	443,54.80217402821272
336	101,28.405577829783752
359	1938,-7.6989001696868495
361	6843,-143.06530260068524
380	312,64.79380210536839
395	977,75.12228640770809
398	913,93.41337484625157
409	243,-25.090243231177418
417	815,11.189041348275708
440	42,21.30433762881623
442	10193,-321.13740770982395
443	6560,185.11670852568605
450	45,30.765930381857732
452	945,61.78521889494057
481	114,58.08415292894559
507	772,52.72996982946379
510	90,28.01149545645559
518	1185,40.98811911426387
541	70,20.266725966247744
543	542,106.82864834114159
557	88,40.12419704660774
566	379,69.18238668836966
577	1374,-59.463905134054535
578	176,44.428953184437546
583	63,25.370476409600215
594	102,19.580906842135587
595	411,24.242947144448607
606	384,52.222666768046665
626	177,32.15882061056564
634	568,29.539348521634224
636	7600,-254.59519051181118
638	2453,28.101063170190002
642	597,10.679098062146094
647	407,-4.226930840530757
655	464,44.70924394356689
666	152,61.52705174348803
669	38,20.011235110535193
681	2633,-397.4925212848665
712	527,31.800913807677276
718	607,87.88622414848463
722	1484,106.69629869235105
723	6959,-251.47153223885584
725	1011,-62.27207822792552
735	56,40.79677818697466
740	79,32.152496361701544
761	369,27.65415457930115
779	148,28.762094324127478
790	134,33.54418012745047
795	89,28.72331606909029
797	148,37.83490852087412
813	60,36.39822832933609
815	98,43.98807233080031
816	39,20.126711959165707
826	61,27.37348847086361
827	77,47.24627927598815
834	101,24.666621892059137
844	42,12.24852255948133
849	751,85.79486641156637
850	544,70.39583347383902
851	8960,-843.6475727425652
852	381,83.77138202545412
855	228,58.08424951482954
865	82,27.38835349489818
878	42,14.096977099349665
885	149,35.332640987204904
888	30,15.403907183840479
907	2238,85.19146768033914
909	224,16.263641817887816
911	300,43.45105079994219
916	243,36.56762469324786
923	49,19.74055020059205
930	433,-4.956339114153877
946	49,11.685646225846948
949	759,126.19835229699797
960	585,62.795406380787384
992	3164,1.8678154451382722
1007	59,1.1812738543344938
1046	9906,-571.7386804144742
1048	278,72.03083272242421
1054	58,19.142188271756194
1059	48,14.4396576317062
1061	513,9.720540283606987
1076	292,53.08211765306332
1078	131,37.56568676966079
1091	37,27.95688753914462
1092	2287,-146.7510474104989
1100	3068,248.38049499805726
1104	5203,-17.531439332791397
1122	78,26.08639831959797
1123	4879,-86.8268995242214
1134	1391,87.0300685331116
1140	2727,148.98401464786818
1146	228,31.72144598330341
1167	318,70.34038931638942
1188	58,22.865145957218473
1190	124,41.53020965935016
1192	38,10.135670935267164
1202	20997,-864.178903350169
1205	58,18.53246259998854
1213	488,22.696236747209138
1252	602,59.64598086000992
1256	3722,-365.30583468163763
1260	1298,129.68207829668134
1268	26,14.285430027288381
1289	11239,-739.107143322969
1305	8707,143.20990780428806
1313	162,39.18184554901713
1333	147,29.02701810772811
1340	41,12.628429712700886
1343	67,17.502064917165548
1356	137,32.6280639998286
1367	9363,297.8498297842353
1388	36,18.92128997753398
1406	20631,-962.5024598901009
1407	113,56.273937467972594
1425	8552,43.84595366271695
1430	70,19.91986618660266
1432	1056,214.21292473948074
1444	62,14.762938651972554
1455	1344,-28.88557419884894
1464	143,39.24325262799231
1482	3949,44.8621741194821
1484	185,26.232683473414895
1488	870,-21.96654654256736
1500	402,34.98077909015761
1522	46,9.640803002797036
1523	198,8.939628834839544
1554	65,18.545634159348104
1557	132,21.54562826475006
1559	219,95.14866394782507
1564	464,18.648251470403043
1600	1532,-22.303066028313957
1609	171,34.80276709644926
1615	18043,-464.3664477664015
1629	307,44.53310300720871
1644	191,42.03962758409022
1668	3083,-213.64202613436458
1675	54,30.582985774705634
1731	100,0.7394204853823427
1744	20140,-905.59056040263
1757	2625,-72.95856751648746
1779	21,6.369936980935355
1803	8549,0.8701808861202753
1807	484,78.99693441381424
1825	162,21.96779537300338
1832	12225,-117.835228859691
1841	18,9.640572282649364
1845	1233,35.65535264489846
1848	933,108.28372675277498
1851	1294,133.14430915114616
1853	4478,-13.37276121523447
1868	71,19.108177856402314
1884	5384,75.99233575990253
1889	324,66.91102993476011
1893	502,91.72233340935813
1896	83,32.40438111623232
1898	87,25.145745424829123
1901	10062,-670.9253601021238
1903	129,40.94180099558025
1924	61,22.431370349926365
1944	101,38.03772698066701
1951	47,0.7330366976970057
1952	42,18.849412922473164
1958	45,16.15841873054181
1966	44,14.984161921250205
1967	242,50.00883257009209
1983	7743,66.7708252869794
1993	40,11.536762796907837
2014	131,31.127988475267806
2015	4994,213.0750734550566
2028	357,54.108352057611455
2036	42,20.799257567866288
2039	123,37.99741269959906
2042	70,37.40730035511415
2043	4112,160.08830857823133
2053	170,39.42523620735205
2058	49,12.466619099261727
2079	61,18.13008552959064
2083	205,17.695417810926266
2103	1590,145.79067193047362
2104	3511,-95.3596141391072
2106	139,40.41769288110701
2110	146,12.369020031248578
2116	601,48.468391158270656
2130	979,133.79186255716243
2147	77,16.161187419442015
2160	103,17.769140054507076
2168	548,88.49413315765949
2193	124,33.88420403236087
2198	447,90.29775214454182
2212	6449,-405.2422884732344
2232	39,26.191758745273997
2235	1590,135.1389887372257
2243	810,-2.5001803677594827
2251	3710,84.39878276827373
2284	6462,-145.08254700815016
2290	13771,-1135.7619172123582
2298	46,30.01132292743705
2313	44,28.076177538639985
2316	1275,227.0417473699016
2342	13545,-77.7340545891964
2343	36,27.77994066916041
2344	183,41.8223152718679
2352	2213,127.01505139527957
2355	64,28.304112648267644
2356	1601,181.3099155156903
2366	1643,103.18755586890151
2375	3355,-129.02600770805677
2418	1065,54.77356983527279
2430	16170,-302.82770176002526
2432	308,55.53322175938477
2438	71,16.822952963668445
2460	6701,-397.01898869136494
2492	143,38.53200973346688
2503	645,19.79833114641084
2504	68,23.970418434543472
2506	352,19.593336152647613
2510	666,156.67106015772168
2512	2185,223.3222454056947
2518	3782,278.3688470591355
2528	6665,-43.177746352271875
2532	4578,-37.41656360016118
2544	142,30.125461699579432
2552	240,59.36288283073491
2560	27,12.398974553947358
2562	64,10.332708076754633
2565	295,44.05798286694381
2569	117,20.724334873897977
2597	244,38.89170834464938
2601	1953,47.087182434375755
2604	28,22.72793544979362
2616	55,28.980442563583903
2621	203,72.83668520847604
2629	96,35.649417589982875
2640	4342,499.169693486098
2642	88,26.693676629201395
2643	1639,-72.65559674228946
2658	567,79.12955461433546
2659	770,145.31383124572838
2660	20153,-555.4313422966479
2666	73,11.539130366399501
2667	63,23.040197957417796
2675	9138,239.7355874958059
2678	119,28.83060344598209
2682	74,-7.654912224879093
2707	39,14.809533482964717
2715	78,7.74052720415722
2718	30,14.980962230873025
2731	3832,25.07389454556201
2745	20,9.321077804835792
2749	927,113.56773615931522
2755	7131,-265.5373139461155
2756	520,33.968931176628246
2757	7889,-125.85835855770986
2773	239,7.344616430656039
2786	48,15.321833892301504
2789	589,63.43367003099761
2794	592,56.63890043074311
2807	65,36.63373986310404
2808	688,-41.10389205854029
2818	59,23.499964083680606
2859	174,51.890986856844506
2861	1371,23.22083164362568
2866	8822,-254.2286069151364
2886	198,32.605907695316894
2905	4334,408.6783950907569
2909	77,30.179464193540635
2913	16544,-564.5643962407962
2918	73,20.85930326323868
2925	108,17.746076305073466
2928	399,-21.36805890238052
2931	447,98.35442264659963
2939	428,66.38937684213309
2954	2249,140.2308256042609
2955	6021,435.6250325329113
2969	38,22.958491446589996
2985	338,20.154027934182135
2988	1299,168.88950562493733
2995	61,22.89744101007965
3022	85,31.188710131116764
3032	49,8.786562198486079
3033	62,-3.6519578673382544
3043	2178,57.2103351395354
3044	53,18.43513859518219
3054	1295,110.77853917459197
3057	345,37.72994088074648
3068	131,25.477258733930334
3069	31,12.733621797156609
3073	291,35.58037425944986
3084	3080,218.03861086343167
3094	105,18.13019831480457
3107	819,32.05246950711955
3135	3776,69.52586834839902
3143	543,28.638605947829863
3147	2255,20.59921063081385
3149	162,40.59748226127503
3151	18007,-530.469112052577
3164	210,27.7376842733979
3165	14348,-26.7785294974562
3170	793,91.67146935648655
3176	177,38.77956747774343
3189	43,20.710241185302067
3192	4033,-146.71691808912715
3196	883,75.1650987145791
3200	289,51.04060639314815
3201	57,31.771115373442193
3220	1417,100.43188475217603
3229	905,62.10310691648059
3232	4685,-125.47245497081487
3237	1230,218.53312909792533
3243	231,42.350693133122
3253	6356,225.62339611061745
3257	52,24.669501742371335
3269	4695,32.61571582332647
3271	63,29.206338590839607
3274	8209,-581.2211556556035
3281	104,19.940252052838996
3285	6911,-611.2587196056236
3290	17292,-402.2661683602213
3298	43,23.41447199197504
3301	816,132.2630577423779
3316	507,69.00244876744793
3326	7386,-159.29349773021244
3329	56,22.564379457546252
3330	116,45.568363444718244
3351	70,28.99561269523302
3355	7947,249.58870754076906
3359	32,4.786828121234554
3418	12757,-1185.2136734082794
3440	61,15.921062339104314
3486	336,71.0992212663355
3492	336,70.35366741536649
3498	127,39.44114093283592
3538	15397,-758.7988894382098
3541	11566,-185.55240089796638
3546	549,64.96809322575663
3559	484,29.394779576694066
3568	176,39.354623839480965
3584	112,30.169235709328458
3586	30,18.678466963344277
3587	1871,129.82047881056792
3590	2819,98.07660345179282
3598	137,48.086302344284356
3613	483,80.12995002569308
3638	15996,-898.3919750355501
3647	65,20.162980108047993
3652	223,50.96293391180713
3655	214,35.55479803294746
3658	70,11.627874256865024
3670	10376,-576.2253045362754
3685	1006,-79.33649072641997
3702	165,2.381260855376405
3705	143,68.14479547887993
3706	87,18.690238531888987
3722	70,26.499062282906692
3727	87,38.63335155893337
3733	1344,12.284333998078749
3734	838,54.64648080632554
3740	3856,199.30625676132237
3742	5324,211.07475304852005
3743	2275,7.403417538838092
3760	223,63.50862691546321
3824	9680,36.685269485574835
3848	70,19.864842260477513
3861	45,7.994196726629832
3862	4678,-23.23591059316315
3874	78,31.749953822040137
3878	57,36.60668644787495
3881	462,48.622902635125605
3889	394,10.625830635888644
3890	5183,-288.72215278913416
3891	41,15.201428655629853
3893	11799,-136.4916067891776
3903	5418,-215.19505720090882
3904	84,22.975398284357006
3914	269,26.977509324145867
3928	2299,-16.748365760865408
3941	96,21.125885731321816
3943	517,47.252927381795196
3944	687,120.8553374309513
3955	1604,24.51362888638907
3977	67,21.86939728686897
3978	366,25.005592496047942
3994	131,19.22033699458521
4002	73,13.428261177405577
4005	724,-19.86721480361024
4008	227,25.99490209970541
4023	63,14.27406415209347
4032	76,27.768255914664323
4042	891,94.27899552706006
4049	2067,-40.29217175583867
4061	119,32.39626288543893
4064	2857,124.59154289149987
4076	69,39.267785767231835
4095	153,12.192757832876001
4119	825,60.363979678826645
4122	431,62.12470062740286
4128	69,32.52331680974332
4129	205,-7.284404406721865
4144	3010,-86.44413784229486
4152	228,44.752476741948065
4160	205,71.49271497309616
4189	576,-8.117225748167408
4190	37,4.006404132549893
4207	3182,-136.05208244110565
4215	104,16.854166259237495
4218	130,27.114572332318776
4224	585,3.3724502519247785
4238	287,-3.373316825804776
4239	69,14.747713903952393
4257	324,57.838466440945346
4264	99,24.204595295892705
4268	520,-13.73502495541666
4272	51,30.605274137704527
4283	1009,124.94286968977214
4299	1035,-56.2483480858638
4329	53,12.590679608262697
4346	1289,131.73798873627132
4359	126,42.031004402104436
4385	493,85.96283818431395
4394	613,122.2626857372024
4405	1598,-85.89437212758772
4429	2155,48.902016407579204
4432	22565,-703.8231515536577
4439	177,41.948712727766164
4441	2048,156.71981123913065
4445	77,22.98984493137279
4468	645,-20.090821698346335
4485	1837,76.27830399995405
4496	3449,213.38764454906593
4513	61,25.06365614531849
4518	72,15.118794641787346
4538	44,20.424179624015828
4544	77,2.1725430191790593
4546	6189,-252.5633723632367
4552	744,40.559309240420944
4556	82,14.179625044342437
4563	876,120.23408789414655
4566	90,24.423424997561703
4569	1171,72.82959278743259
4574	42,20.042858653400007
4586	5025,-55.793058969494986
4613	147,47.763517919357454
4619	35,17.043497025849813
4627	3317,61.51086907112256
4637	56,13.893182047115916
4640	23525,-931.1385492992342
4645	153,38.84225287583679
4647	226,56.98674950388906
4685	5962,85.1491096535597
4694	73,20.1947200718656
4737	60,26.057887527321697
4742	47,23.050868347472516
4750	34,7.893742795636282
4761	10807,-485.48868839469395
4768	69,7.383152729255744
4811	49,35.03204041693538
4837	37,9.349103579212823
4840	401,28.57574104836788
4847	15564,-90.07998850676923
4849	7739,-20.249620038679446
4852	4746,234.37805531468288
4858	78,16.55337094135451
4868	182,11.226526702981072
4875	28,13.806785276953814
4876	6150,-117.00675922932382
4880	25,17.805113656099106
4901	59,25.235662833001623
4902	1655,179.09669943974342
4918	437,91.63436940012717
4921	59,14.48481551984508
4932	12689,-341.2031240507874
4935	157,47.90714714612477
4943	2769,122.09287074467974
4952	97,26.282647931298854
4963	202,33.57345036208818
4966	534,91.7210413183189
4981	776,180.3240855304675
4986	68,25.25124088087985
5008	238,47.88585561726095
5025	9653,-770.5858553625268
5026	370,48.82281676834909
5027	74,19.193900177706414
5062	76,22.438604210211427
5069	12869,-730.8574882559581
5096	599,62.69798311841271
5098	30,20.581782393843618
5123	131,27.433537330259323
5129	275,69.43995440589804
5131	230,14.290476649627143
5142	30,2.7473210581044514
5143	206,39.03664832962861
5149	4084,-243.3988961374959
5157	159,24.060282180836754
5159	148,40.83253124168927
5160	104,44.15853455197556
5175	293,9.254807422305767
5206	736,103.79553681165393
5220	3674,158.26624226493536
5225	42,23.840215973870144
5267	115,30.20333988919392
5272	557,51.88214794899208
5284	99,22.13723989793859
5294	562,6.258252418124995
5311	60,23.43216108257765
5326	3729,-121.78783818530388
5327	8410,-550.9182934673607
5336	861,24.78499099675373
5337	53,22.38508570768056
5342	3316,232.29294199048655
5361	303,51.81268102079654
5364	36,19.4265415063101
5367	3561,-177.71154451362906
5369	756,-64.52147515432964
5408	84,7.8345004989218126
5425	1260,183.00883923788282
5426	329,-22.779170379853646
5465	82,38.899089937228915
5474	910,171.4922189416394
5484	40,21.55189392908953
5485	243,59.89756775720713
5552	42,14.151544056195288
5556	289,37.78216673809149
5562	9093,67.94767083902235
5568	231,53.20752145994479
5577	1704,143.5821345733751
5604	1146,-23.687077799187005
5607	8038,-325.2743323241756
5623	375,20.81506058251529
5640	543,86.06925313715178
5641	75,33.18386519673884
5651	7631,-177.91790733628113
5656	10118,145.0767701597302
5699	925,72.84469373430989
5700	2027,-32.584026187842284
5716	563,19.01818370575754
5727	12503,-432.09347770342737
5729	34,24.1300220636407
5748	131,18.28275810632915
5760	9579,-122.3554329814117
5766	224,14.242085385632063
5785	47,23.530197160850427
5790	66,30.351300914563215
5799	1280,43.796772643328644
5813	261,64.08037608101904
5814	18298,-336.56349272191886
5827	156,39.697974355981586
5835	81,18.259185136346805
5849	31,11.987495460811331
5877	776,101.4724562564028
5883	164,36.58607789524205
5897	6721,-362.06660033337727
5898	485,-10.996513426602043
5901	36,22.03487283491602
5911	57,22.298869585838283
5921	66,26.31322109101984
5941	318,66.43596884241501
5943	1781,150.95704739212755
5945	616,27.674894605325164
5958	1337,111.96887921054997
5963	2502,200.27739491509294
5966	47,14.823442856714982
5970	4827,514.3186985283334
5979	90,26.158465035677896
6013	3235,168.47466478531842
6014	3091,-156.65879487715492
6066	1251,61.605982810947864
6069	40,18.97024881457379
6085	2741,187.27609230386668
6086	163,58.02406234772127
6093	587,82.1737309517592
6103	216,41.72813153153839
6110	5325,67.18701603704757
6121	53,22.682722154579697
6131	529,34.12063865048613
6136	74,11.663313083835073
6137	64,32.24176024813708
6140	32,5.418703264729612
6172	786,154.72808350177206
6177	2017,-149.43220870859426
6190	8778,-209.16586923700132
6200	80,27.721839153845913
6208	82,24.63454739006349
6215	130,11.57760468077684
6220	876,82.32329870475726
6226	727,110.58694018109398
6228	562,39.4455921470202
6230	510,21.826255479505043
6234	1873,-110.22649591258178
6250	174,32.27256245098675
6252	36,13.067930407001404
6257	69,21.25138083966902
6260	81,41.85425124783189
6276	53,20.561606642815576
6277	20,16.97136075506364
6281	7938,65.97254833629893
6285	375,63.658973255045744
6287	24393,-1019.2801378756895
6289	71,9.075817461209606
6291	2231,132.60678588965942
6308	189,34.089115954943004
6315	2778,-137.32672031899267
6318	897,53.65314883717512
6334	1360,75.54808315647686
6336	11280,364.2067812238842
6338	146,20.80761866394522
6347	13806,-901.1439340069261
6354	43,4.511663840672249
6356	103,40.82962452423751
6358	114,33.50620485718537
6363	58,31.849688527846865
6389	364,63.771648222748084
6390	58,16.79424909243258
6395	226,28.89780535137637
6400	502,19.53295381733341
6405	57,20.050456542811492
6406	35,9.94077697457955
6408	21198,-892.2957516271214
6417	122,61.58370521448049
6419	57,22.56263586520135
6424	717,60.66479395682749
6446	137,68.92613942122823
6448	506,27.05258309022376
6466	86,33.30498457200682
6467	150,43.42382078261248
6480	80,21.978214380576176
6481	130,25.97696734674803
6482	19580,-924.8969799599125
6522	17,6.193855719097694
6523	6680,-85.83509250332645
6529	1607,30.201386650824062
6536	54,24.894409161840382
6537	51,18.01913385404399
6541	856,86.0608869296315
6543	181,50.56473200123238
6550	165,26.790727468649397
6556	9216,69.86087135608147
6562	32,13.715832303055295
6566	287,-22.44676104433323
6567	242,35.51742906345893
6593	283,-36.127876389766904
6611	748,93.56354160290417
6619	344,79.62189252306324
6629	97,32.09664999748756
6650	327,-31.441732229262858
6663	146,12.931219435099276
6666	3852,174.24285727537665
6668	64,18.180677127354272
6678	42,10.607222536490639
6680	69,13.176207128829148
6714	58,7.297433946896055
6737	107,8.965571485760865
6743	35,17.41598662622429
6748	464,111.02400823156245
6756	2672,30.01130397784909
6830	34,11.91682955291499
6839	64,19.171302523746824
6871	133,23.488844237310232
6872	2725,212.82518326019658
6885	44,13.60729904644391
6889	205,22.935657521848285
6892	197,5.264570337438217
6894	24,10.867493060060042
6901	151,41.089193195651326
6911	13316,-499.9811815643185
6912	1956,179.72230427707956
6914	292,64.77061242572482
6917	935,125.16409327411024
6919	356,50.98977082822288
6932	135,50.32766337427071
6939	117,27.21017149615585
6946	258,6.7006300667097305
6965	558,74.334186550813
6971	25468,-1005.1131975004588
6975	46,20.358508686834647
6979	117,49.67468834953667
6985	253,53.59799639052663
6988	6365,389.37566481526926
6991	10,11.86967634009456
6998	26,9.454711106109567
7011	48,11.208889219454514
7016	22,-1.2205180609444843
7022	286,52.022030016136014
7030	16,8.122166004246917
7033	31,19.429335805981346
7061	114,28.616634349027667
7063	101,34.227946606875406
7067	13700,-379.12020194539514
7068	25,20.15608774247571
7075	53,18.22953956308541
7077	422,52.185211294704544
7084	81,18.365792694157562
7089	40,9.631643417069238
7109	81,17.170328964754905
7116	46,16.402590663784412
7132	99,14.36762454940246
7136	100,31.927427975452268
7137	90,12.995412846600907
7145	9375,-142.93929960906607
7147	540,-14.339773822075479
7148	574,44.63989338441292
7186	1914,20.884907481834777
7188	97,18.958711881738118
7236	52,12.907521677259805
7238	2161,108.34099556641382
7244	98,29.671330310900835
7247	323,27.649747870557192
7255	58,31.486371978718633
7257	2693,99.98198363363919
7262	631,45.10416274750051
7273	476,67.75211207625469
7283	70,18.130884334351506
7292	158,37.387509482448074
7299	150,73.9710758545823
7329	62,16.91274894537183
7334	177,16.72489696602644
7339	67,22.733493552789763
7382	89,12.456094065448811
7386	86,21.951750804162543
7387	421,43.2772678916152
7400	321,11.94621476373515
7406	7197,472.77092274724765
7408	58,11.284220485480908
7418	1032,43.208655410599306
7437	130,31.791539242672076
7442	761,86.258755583514
7445	1771,15.236630498671655
7458	49,33.683484779540805
7466	141,20.853759688275318
7476	65,16.549091420458872
7495	214,64.2564093574465
7503	102,19.865152213484933
7505	160,11.169557312536355
7511	19493,-761.3180557248172
7512	153,33.4086543079442
7516	1700,140.61049274082998
7517	5714,254.00258119713132
7518	498,68.7773399030185
7524	2474,70.52593985778053
7527	55,14.43145880622468
7537	463,23.083831141846407
7544	8379,118.88261229632083
7551	105,30.18268693756977
7557	472,71.74945108682086
7567	63,32.4004499676046
7569	1477,32.701475772054266
7571	740,117.2147099489577
7577	1134,111.43158631091605
7587	605,59.37446542981092
7607	3520,-121.19171737638713
7625	277,28.634405082121674
7638	603,0.999292817950376
7656	189,52.683078651422555
7681	170,34.52856181153977
7698	338,90.8408654730101
7721	147,44.97057540721525
7726	108,41.295788008434926
7736	954,88.99063008247204
7747	45,19.37565746368805
7763	2498,72.32700677168638
7768	59,30.514571179189254
7770	120,56.492933319936014
7776	465,68.10121821108551
7801	262,53.310838705020196
7802	36,16.088222670320377
7806	87,45.09249974038276
7812	1285,70.01569575097294
7822	55,26.829515867618504
7823	128,17.984133343987605
7838	42,20.54058370119193
7858	54,12.095464290421628
7868	346,64.8801147558782
7899	7807,-262.61797597352995
7901	44,17.746677772694667
7903	595,-55.04170183849503
7906	67,21.225709986791003
7916	40,6.409818491363042
7919	1482,134.916824931146
7921	94,27.57896884440232
7923	152,27.642458288143676
7931	97,32.594720935789404
7939	651,-40.227514129212885
7950	41,26.35720398929232
7968	118,25.3838016259554
7973	1066,53.37409860011585
7991	8683,-8.26138111150839
8002	45,23.73971425382217
8005	54,15.374391580802275
8007	75,31.72647261508377
8008	144,29.105577417408117
8017	650,-0.7661520133953266
8023	94,24.85701794220797
8029	410,-16.840162281607867
8039	1162,82.50545576290614
8051	3466,340.3538801036814
8052	334,36.18719466274082
8058	30,22.570811153900493
8072	593,48.23399970202769
8085	239,34.32859655895702
8096	777,155.71988029350553
8107	15714,-399.89790126296714
8121	169,37.01661381565152
8128	564,82.05537789389051
8162	1313,77.20179714904644
8163	2483,-30.27366909848457
8166	1167,-50.06806549824557
8182	23,18.161122971675283
8200	186,53.87683261231345
8206	63,27.075684173138345
8207	29,18.106431867219033
8220	42,24.55362214338148
8249	69,32.12922832654441
8260	35,15.484451652734112
8268	23,15.858262630604894
8307	581,126.21549133727868
8315	344,18.28892800297427
8341	85,17.303168725188005
8352	196,35.751804704265346
8354	1925,139.9693436802842
8365	114,23.937138486776195
8384	7854,169.90154791128225
8390	27,13.06406815063407
8392	294,66.76411430301607
8401	73,28.12877950910518
8422	53,26.819136995623467
8428	5243,-221.88488209735794
8435	65,9.747491785064533
8448	511,39.41024722178692
8452	196,41.35502274497357
8458	42,7.7606060209411325
8488	142,22.419559837489736
8491	81,35.68758304619768
8493	3856,51.27264891108281
8495	86,28.435034318362746
8512	10632,119.18279448732325
8526	5800,175.82827148050941
8534	316,56.94029156483606
8537	130,18.035672444265433
8560	70,36.74691615400197
8561	133,30.30580375533174
8566	60,15.517540557893764
8582	88,32.910071894919945
8594	131,61.83752224415795
8596	23005,-734.038551011426
8628	55,11.190602976522673
8654	533,22.318594778001646
8657	42,10.022900496023043
8661	62,33.625677697475844
8677	5906,213.49066906554572
8678	1961,-162.7394050732872
8692	64,22.65412950427399
8697	145,32.05696192706317
8699	2888,-158.11189709619387
8703	641,33.085194386103076
8706	81,18.562647377278832
8718	49,25.758541003571576
8738	31,16.84011467511761
8766	85,44.89926885771342
8770	408,44.092561244266115
8781	1398,-85.28128852759968
8798	54,25.012616318682504
8804	67,34.70543128265275
8825	1951,95.10799882497447
8842	88,18.541840124176925
8849	1430,100.02762068334314
8851	12999,-48.34537873411754
8867	2658,-13.825074059965107
8889	382,41.44002457930132
8896	105,21.600987780106607
8905	145,33.44113329253843
8915	20646,-580.0722511008089
8919	399,93.62708980726073
8920	710,114.41429304632797
8921	47,10.617072282789017
8933	36,5.484437038907932
8951	214,24.951235671635345
8977	1545,135.3950326359909
8994	261,43.92303334533564
9025	246,42.841500386098744
9028	1494,-199.8650121583436
9043	10686,137.65603427865895
9046	167,13.799638626040869
9059	487,53.614345556430855
9087	3095,182.75287633394254
9093	66,15.80858987360189
9107	41,33.40506076679532
9130	216,35.79261767224418
9131	5975,56.6122414519765
9152	1492,-1.7315892222707312
9167	28,20.46080077732802
9186	64,3.8538491115486746
9187	138,31.828217130995483
9199	324,26.174776691566386
9202	337,-46.45837617046938
9230	308,57.08893376304347
9237	1946,13.66890574708322
9256	623,78.87295469970402
9297	35,5.148479628470353
9310	2317,110.51646420457442
9324	202,23.715184847283794
9337	714,-46.38399163161454
9343	375,62.3696920099579
9376	37,13.69921700263055
9401	41,11.516531395759593
9404	36,14.147943958319388
9410	1679,113.83413002013106
9421	726,136.08375895460063
9422	280,61.444383282022216
9423	276,52.42712925789546
9481	12893,-62.12446334448393
9482	510,71.59709545890848
9492	42,17.321379028135176
9517	2137,252.46471856565566
9518	5804,258.1117573475521
9528	9824,44.31260388083663
9530	30,13.317193588620786
9537	51,5.7599442738726765
9550	1950,294.4604764423136
9551	165,29.391248538205936
9567	752,33.728048456802306
9568	95,41.1666632344337
9600	82,25.29636156028456
9602	57,30.230649066147443
9607	64,10.886513254601262
9612	47,28.714447631347383
9617	16546,-933.108981099283
9620	80,22.84201825015127
9629	259,49.35368143806876
9632	32,16.140305643603956
9640	71,20.554705154747793
9650	121,20.497240329743637
9672	661,11.601522394699355
9681	5718,246.08995777676543
9689	12885,-280.4415686223688
9691	116,8.295148622243433
9696	31,18.318664839871253
9697	34,14.945833302442207
9699	381,62.46018337274936
9701	366,66.6735800080784
9716	69,16.286192868670156
9717	3017,55.99613188368238
9719	89,12.702084661100049
9720	62,27.503620841956963
9728	23184,-537.9673819119031
9730	54,12.440998406524209
9735	87,14.281974648955977
9744	99,34.85225840395225
9747	495,30.860348775383663
9750	147,27.545007012269306
9752	388,62.094202970433365
9767	33,7.545773691783296
9798	8727,36.98855484818281
9805	4274,-282.12690343965534
9817	161,56.39145007972472
9819	436,58.08638811801878
9824	571,62.16528304126701
9831	465,76.7917790978146
9843	131,24.035805980891517
9854	49,15.450822361699137
9855	200,17.551583150885172
9867	81,29.573921568942453
9875	641,105.90912308326945
9885	42,26.52684828900895
9890	112,32.41357836673067
9897	110,35.46851266786474
9920	125,56.529603112405944
9930	38,20.760974323403676
9945	88,26.93568216018785
9946	4505,-16.964925150612537
9953	34,14.00346179112918
9967	99,30.883072703315207
9973	42,16.126769227073442
9989	124,36.6512068925575
9993	167,10.78897745983189
9997	868,-83.26354869786796
10006	95,16.130285398508573
10019	2084,119.19117322558853
10024	1814,-214.6508371559923
10025	67,27.549934627935805
10034	152,31.662579544080284
10048	45,21.716146799756814
10076	40,18.900398624436598
10077	250,13.179809454656322
10080	5941,-68.71270759116963
10082	3759,-278.63798964786474
10089	205,31.755332596310005
10100	1504,179.6300655760308
10104	189,3.8418810404655535
10108	220,50.312118271311604
10109	6929,-106.89483548980995
10127	60,28.470343697876668
10187	39,26.084783102169983
10188	40,28.156180280578425
10194	42,18.363540859885404
10195	138,15.374066575533398
10219	64,5.181099738108239
10237	104,48.00676738139517
10248	97,38.50250255436737
10255	6834,10.723238556594637
10284	568,57.438982504505326
10319	38,18.815168735860947
10321	633,55.74336095226703
10349	198,67.43136992515144
10350	165,49.7359057468694
10354	257,28.61629567338221
10368	84,30.755814819861904
10391	117,45.72007393267714
10404	85,32.740652615300476
10415	33,22.272548564190433
10428	12001,-972.2739214108751
10429	11567,-604.1662339245473
10462	106,26.74276877183073
10493	518,67.36994747708226
10522	508,74.27920482762221
10540	54,32.898726294177834
10555	47,16.772960084567504
10561	2892,-211.89740304932897
10572	35,20.548777852848133
10576	749,100.35171154315053
10578	24,7.5604686902353695
10589	31,8.546323132109933
10595	57,26.16855357451404
10659	156,29.77315058260412
10662	4701,59.19262810949204
10663	53,33.13185987449672
10670	55,3.3260618182043205
10676	118,42.88277444318481
10686	1840,35.16583307175688
10692	348,36.389466162767185
10712	5862,-197.14745165430244
10721	4197,8.965268372973284
10733	1512,-38.44491082081534
10734	10840,196.71570889453585
10735	33,21.752297150694915
10743	132,25.703480181868475
10747	8995,-373.5837637555254
10750	887,128.55379067875623
10757	691,-13.175938277207951
10762	114,33.43594445737734
10774	15865,-0.009914401959469021
10777	129,54.87178861176974
10780	32,15.12680148367239
10781	97,42.375054890325
10792	461,-20.59557800147721
10800	264,36.22846719859018
10810	392,-10.051154322366118
10826	47,24.000609836186023
10835	12672,-519.5557394039602
10836	1053,-42.879942405781506
10843	33,13.179030808970866
10845	78,15.159798521058041
10846	2217,142.55616332312817
10851	2039,75.68667293841685
10870	54,23.623095065824455
10889	9579,119.33834163175267
10900	79,23.192750556784446
10903	1509,134.3867073557215
10921	13084,-703.635226920652
10926	1301,74.56622566776304
10939	143,48.68029909646612
10943	59,26.79078137907267
10947	21209,-880.896824829913
10959	243,50.2092336787412
10978	59,33.616866569769634
10992	75,26.2140417349762
11003	66,25.851662802775415
11007	86,22.72187829793891
11009	41,22.74923235728317
11011	50,13.655200337480807
11021	53,18.891335731875415
11025	1899,121.87380588261016
11027	38,17.775313461245723
11034	773,-39.174249548196585
11041	51,25.121607606777953
11048	60,31.921246632813826
11054	25,21.17227700467872
11056	160,46.72331556299437
11076	398,59.29414593440097
11080	5654,-50.764389064908386
11086	86,16.713519056059305
11088	558,-47.83363362171122
11098	88,30.071579638319495
11107	282,20.3155163107452
11124	470,55.87450639812818
11133	45,12.981320789999648
11158	469,2.0309685521307514
11159	64,27.21785419860307
11177	87,21.41159293232298
11182	18668,-123.48499418536507
11197	332,49.67195917375956
11213	3690,280.28142165774636
11232	26,14.700561952820802
11235	29,9.929761746621399
11236	2260,-85.79026864917154
11237	809,-49.783369154597594
11238	75,14.344949604240842
11240	232,33.55551736756027
11245	631,29.370934033771363
11253	112,43.489861947332535
11259	694,152.34466871103507
11261	405,57.3917050553022
11284	116,40.78384973746493
11286	1504,113.87242257137437
11288	69,16.1252871239636
11292	2556,-34.99897156256298
11294	107,52.37083239994836
11295	749,46.63851357365715
11307	2177,187.8204994335664
11312	47,26.281889799365057
11316	51,14.461684208103359
11317	1035,97.62461071418521
11319	70,13.584665592854707
11330	92,15.685674836353108
11339	67,10.236801264790014
11340	2454,204.13477210217206
11344	3,0.6164406540058036
11347	3283,235.01063676926873
11348	204,23.896104649115497
11352	472,90.78112944526788
11376	7542,-242.8865672273947
11380	58,16.244094814610577
11391	659,85.24522865035445
11395	48,15.937078269749428
11408	124,24.943525066861035
11412	531,47.43318142779079
11418	66,17.92991247129337
11436	61,30.04447816542781
11442	2855,310.0366782042778
11463	269,46.82840474698096
11493	41,18.217752508129312
11496	3462,75.8671479056124
11505	55,9.974544813239037
11510	130,42.89575362197559
11511	96,8.78129741514307
11513	90,36.33639801680367
11536	33,10.055258637642403
11563	658,29.116064881671917
11567	492,7.114984266391227
11613	8362,-303.2952965035288
11614	2132,139.28149192293418
11616	165,38.637568570629455
11631	107,25.574199301105388
11637	291,22.28037566038321
11638	9675,387.17381890061233
11651	4360,-420.3805726729749
11657	62,26.530044889490465
11673	9641,-550.0481214499908
11686	43,10.007889891773907
11688	1310,78.3839872358932
11689	72,36.9356827402948
11690	1991,61.15494490696875
11723	82,7.588634594014881
11732	3065,-89.60899611833023
11757	92,37.82209008812178
11766	55,17.44321812590773
11775	4069,-151.77728182037114
11786	212,48.770965284450284
11806	394,-2.7674136314086057
11812	15086,-399.568932773897
11824	94,19.007795335864024
11829	5101,-164.95647366490525
11835	76,32.521257707553545
11837	18752,-1237.7311950775713
11838	14,4.826862958476653
11839	324,49.09991978797902
11851	1662,67.06269922718049
11866	60,26.75613652573948
11867	62,44.24288035518568
11884	1089,-58.36154846696298
11887	2334,-59.70166496908395
11888	15196,-328.82156289337667
11902	222,41.500504480445635
11908	1541,92.7325147852909
11923	68,22.220418072230313
11951	56,25.779371826318894
11952	202,50.207342060273795
11965	719,-100.82103295059554
11966	33,14.38229959521152
12010	245,50.9597639767189
12046	54,18.425136165211327
12059	101,23.39932844102012
12100	916,36.05180694120911
12117	28,13.655472274770727
12123	84,11.185313146893176
12125	919,88.81802907663332
12133	120,27.798116370064253
12156	77,28.253900798628713
12159	235,5.717687236506337
12170	182,56.134201480906036
12178	275,36.806344600991736
12180	532,67.28127694076724
12184	7363,-239.13258736800753
12189	127,37.01608776363411
12199	21,15.685531648674836
12202	66,31.558299833092406
12230	223,7.098880548138354
12232	20275,-192.87118917394906
12243	9629,145.10790806038648
12246	8233,287.4664552376887
12273	726,47.61588417936085
12275	4223,123.66090764958923
12276	115,18.60737624954359
12280	14957,-204.28231758335136
12284	30,21.552358439018125
12291	240,15.204733190706564
12292	3681,117.58152000153446
12293	20691,-655.0282437650361
12298	1786,6.51474778954782
12336	3970,128.96656131191773
12348	106,22.428589184355204
12355	18047,-137.6063418123561
12372	236,54.94904452571619
12386	48,28.131542422785735
12391	2469,202.98064797272968
12396	140,45.061068436065
12413	369,83.13772626420311
12419	42,18.76712057054532
12421	166,54.25904675965877
12422	50,14.658015511649392
12423	837,47.97230856598004
12432	1022,131.11193312144923
12452	350,-54.058547033078405
12455	66,29.624223090345083
12472	218,19.17513906684244
12482	1333,-72.9915793043398
12488	368,11.929412446291645
12496	95,23.91725960296286
12497	14718,-590.5203096597974
12503	685,85.70614042118724
12504	138,26.68478207449858
12510	46,27.59403447202356
12538	2281,-141.47119212354238
12544	81,16.11726587732687
12589	51,1.0851496140515406
12604	226,48.07440659837095
12606	48,22.44708804426129
12607	386,-12.851494245700598
12623	708,126.85110405244717
12627	635,-0.15800520438665622
12634	96,27.90550807666747
12639	5060,110.01683754504995
12653	224,13.188127595026863
12661	8619,-270.64130282578617
12679	1499,130.70886303065197
12682	3063,179.74504795187826
12683	599,65.22697969068322
12695	90,21.266542052158805
12700	65,40.29986597874374
12705	91,28.86638441643764
12709	125,32.22108486044722
12733	68,20.081620167691995
12755	78,1.0686367840558262
12757	202,23.63608741828117
12760	681,79.4252865712144
12775	103,33.175561178212135
12778	17792,-494.09051667384176
12780	68,-5.327963509136483
12793	370,-51.46231107585166
12795	2262,183.4669513948603
12798	3243,20.74627222869836
12812	409,13.083604536885654
12822	387,39.86152795022361
12824	968,66.13254579593679
12847	70,20.88074548547281
12852	387,67.42044154865421
12855	447,-16.262337355958024
12863	92,26.48261980076472
12864	42,9.453078132177188
12875	1822,-49.74014579759995
12887	43,14.319836289357845
12894	4727,272.18884963786155
12912	147,42.593505478893455
12920	123,49.337844815724445
12936	39,17.285134618400598
12946	488,-9.280189786839932
12948	608,90.85805855735431
12952	20,3.254249769870143
12957	120,26.986747599336763
12969	25,10.104932302104254
12977	143,49.632591833818225
12993	240,4.675997633664284
13015	15520,-625.5808896617424
13022	93,28.298249654782534
13032	30,8.515434412180166
13046	725,67.83078849052272
13055	645,140.86267067329544
13059	1179,255.63177073525182
13099	80,18.129650009681747
13107	3954,212.76496912703556
13110	135,32.16754533677607
13137	108,37.61770154263405
13145	56,20.17650520075499
13150	28,21.922951245146635
13154	263,44.13964305379608
13186	572,5.883354494441235
13188	63,27.21369215465869
13199	366,47.967688386829
13212	570,87.12004621953355
13215	166,33.44493697195385
13218	43,20.64296583664492
13235	368,63.33309657318002
13242	700,58.65964614765517
13262	57,27.74965228990458
13270	2962,187.2056837875205
13288	1194,60.50019491004353
13289	38,12.173903088786645
13298	16189,-755.7823782076945
13299	27,8.399311685112751
13305	56,26.63495062507893
13326	2535,204.31351217157436
13328	1765,241.32842712073287
13334	285,60.240807207555726
13339	185,28.74956431355734
13360	76,33.035859053434926
13363	54,21.460832492441746
13377	289,49.760851750803056
13387	83,31.852473363703396
13431	27,26.499171927837534
13432	80,22.29601926753732
13438	129,32.85784981468161
13451	7445,405.7489577374016
13456	71,28.72695624069509
13461	165,39.489477999524595
13464	45,16.6250746723176
13477	2971,-74.7976704834181
13485	754,77.67232741860816
13489	1099,166.1867743432881
13507	97,16.416584690057498
13519	6755,-232.57430540791336
13531	30,0.3595345459396293
13561	1248,81.00805213442148
13563	121,3.9822086041609994
13565	2368,-212.3937532845213
13569	845,52.498823312071394
13587	300,46.84855277058529
13589	37,4.930024618564168
13590	34,13.812232906846607
13601	369,12.44751788985374
13604	548,100.09844898599017
13606	46,20.683557103999092
13608	188,8.363770214640738
13614	19316,-376.7158567167498
13632	91,20.404000144573043
13633	680,-28.209907142255197
13636	16844,-980.7433635066756
13638	959,-7.506642215098999
13651	20902,-748.0968244918184
13664	42,7.759249418188487
13674	558,72.75662627708846
13677	141,17.05102189370983
13680	71,18.737769113127005
13682	34,22.93605811872566
13686	151,24.958955206282763
13744	188,51.23762676086437
13748	15659,-913.2447561783945
13758	103,15.141958275727848
13760	90,27.581492012151404
13769	45,26.090776246537303
13783	178,14.95507370207211
13787	9577,-474.25661077345876
13802	102,17.507808429263974
13817	67,28.132157794066806
13823	91,26.038784764605357
13828	42,18.324459323220296
13831	119,25.942983522556055
13835	1009,-37.33256617035835
13838	460,91.2371918330828
13853	4194,356.7153544320753
13858	398,66.0304462389618
13861	51,19.61508853665109
13877	188,4.861558047009208
13878	492,-56.235002361130434
13887	8508,-722.3885563228907
13899	106,22.68782048154881
13905	179,47.06132601479827
13909	243,46.06926534353468
13911	33,25.359843192630553
13912	359,33.47722644563818
13927	3103,147.45168392171482
13934	2518,159.93861325567673
13936	111,23.020014178367656
13938	395,36.94982119312289
13964	2569,37.643902831941865
13965	227,72.06974506864493
13989	56,28.899718244453062
14013	1735,144.7713983507053
14046	26,13.879494935445475
14070	433,71.11183707186538
14072	4190,-91.81517029662717
14075	586,85.82175045593678
14077	52,27.70703184027902
14079	80,23.91622536283363
14086	1559,-88.38657104726461
14088	1777,155.71658030782007
14089	67,11.266496979521468
14096	1862,112.90253067332031
14099	47,28.344425211071425
14100	22,4.02652274394109
14136	72,12.05760164429966
14137	6763,23.53044696707004
14144	7519,77.46294226552621
14154	3253,-117.10824093730268
14169	479,7.985035418553695
14171	180,58.00933273338198
14177	1352,70.2679885042737
14185	15690,-942.251058060619
14189	196,51.188164968963115
14198	10982,-83.80181909839143
14199	2618,175.53553513784817
14203	14353,-458.97351463499547
14209	14378,-408.99756846529147
14216	1432,120.78318144994952
14231	86,42.52656375628332
14234	296,55.9412193139959
14244	162,18.70664640831706
14248	3343,-439.46681775907786
14255	45,26.324565358159063
14258	848,87.96653576437672
14272	997,-140.56219483396043
14279	53,13.490739984145296
14282	81,40.331656122884205
14283	3330,-301.4616450500207
14290	55,23.716097031083073
14292	161,48.01443101293776
14314	92,25.42413169193629
14317	7965,-4.142516167147473
14320	3697,4.857548857807226
14324	33,17.448864623486042
14329	98,28.37387048549246
14335	2292,242.83571724944045
14347	70,28.992227253301056
14354	71,17.955150672473508
14361	251,-6.5691219378317385
14372	622,41.96505338246326
14380	63,11.160143268389032
14386	51,14.60295019038023
14392	135,21.50212423657303
14407	10218,-83.61968809781744
14429	128,28.275616395988838
14430	1067,-24.664288989806643
14440	34,9.217419249932327
14442	58,26.444658354937857
14457	8961,-370.92037278110394
14459	14925,-728.387515640826
14462	60,29.31499487024668
14469	41,19.050804247185205
14470	100,15.108633641347629
14484	16384,-630.8616640524237
14492	245,46.43857463195634
14496	626,3.600288015728238
14503	164,42.79860832424366
14505	2244,36.628108426950504
14506	673,47.82992315578154
14518	32,10.964799112557623
14537	212,0.1423267337365952
14551	383,51.93805728596071
14552	501,106.85517747079814
14560	211,59.25832330963615
14575	49,18.982428077369736
14581	68,21.524477483445132
14594	55,18.74637345053637
14611	73,22.02870476922273
14625	39,19.352462866015195
14643	819,-5.20403823832976
14645	127,58.16729242453484
14648	2063,86.24182471909162
14712	19935,-880.4375863023248
14716	3839,-18.044953396082256
14720	254,-9.95582790654728
14722	102,24.302434939973928
14732	640,67.09668486502355
14738	4550,-59.248896594452475
14740	56,24.29292728278408
14743	25,11.397559764053707
14775	86,26.287740380380228
14793	135,33.41894167558632
14800	102,12.444639694292889
14807	374,52.99999301912454
14808	778,-20.847669274632153
14810	577,94.3166315174419
14826	94,22.000512688383303
14836	40,21.214517370887474
14859	388,18.296784111107765
14902	55,16.496944798992143
14904	926,82.50660755623937
14930	149,41.77295591276127
14932	46,21.846411074820985
14941	198,15.342733042142942
14947	158,50.03613712511268
14957	78,14.455650104425384
14962	122,42.17366737027987
14983	2246,94.47826010735913
14995	58,21.110442987618104
15005	61,13.320196777931592
15020	37,11.557298327133601
15033	1698,55.918688422514684
15040	485,76.4826037813734
15051	14,10.013546385101929
15060	64,14.795476144966848
15071	663,84.1899576274391
15074	66,29.04896001709384
15083	70,15.843812523330588
15085	105,24.723358516003238
15115	138,27.51750356617949
15121	62,29.256490331740785
15122	347,70.36913543283204
15135	29,6.045479534688031
15142	53,24.375792309244346
15150	343,79.86405038204371
15152	488,-54.81005973924888
15153	1744,218.49883477351062
15160	1936,90.3096008415922
15165	386,0.899967779294975
15175	58,25.714389154538594
15183	3309,-100.1112047341735
15192	67,40.18043500723282
15201	389,70.51469969952757
15202	29,19.629897304723954
15213	144,40.27164516420625
15214	94,33.261117416905755
15216	549,126.1677300270276
15222	149,21.787288126271694
15223	4869,74.59720687827419
15228	98,33.802978230024756
15234	9648,4.9266153659780585
15246	7788,-62.08091377975452
15251	218,10.970866949984291
15257	2296,110.39171499184239
15272	1976,126.78393113339435
15276	966,-176.51881705090284
15331	64,20.954105939203448
15338	76,24.304050261995066
15371	68,25.524406593796083
15378	1794,123.76394979033147
15391	47,23.693630480467444
15409	10762,-473.31536134238337
15410	1626,187.3405325027341
15413	40,3.6798284026521215
15428	204,4.757200694482204
15438	78,16.756963832473495
15449	5001,-326.90303578747785
15464	809,56.30084262141527
15469	160,30.67066347841531
15475	961,37.20106377397351
15478	72,30.805828476584896
15480	42,1.2916875134240575
15496	10070,141.48843832726513
15507	1014,-26.6962276714699
15510	46,10.979111827130382
15515	824,-51.881867861249944
15516	903,9.221236218092121
15527	87,10.066453583919852
15529	4370,-240.04814681482077
15532	10785,-458.615574120985
15536	46,12.06990778841488
15539	683,57.69082962253353
15547	784,44.7595929655735
15557	3363,-146.51182681984213
15567	231,32.20983681329696
15568	2270,-37.757773118488494
15576	2025,-159.24244629989252
15582	20873,-837.4122462447108
15592	1453,-190.196014062233
15610	112,35.4496285128739
15629	60,11.144926491594738
15632	103,49.45701850915182
15648	62,31.173768901039253
15657	3310,177.4660095130474
15661	48,21.540727752192346
15662	8330,69.77944147034142
15670	82,39.420231208974926
15676	356,26.01287252418
15687	107,27.09337282055211
15691	107,35.994775307945574
15695	70,33.14674647521653
15707	438,86.86970860852216
15712	7612,-396.5457399745079
15714	94,20.840481022909188
15716	1120,-26.845821027044035
15726	70,30.046966286942673
15731	64,30.800710694496942
15741	2042,162.50776790600565
15754	238,52.941413863219864
15763	67,7.006925337395002
15772	745,123.04143174811657
15785	117,23.193190249613167
15808	2114,148.86495696699933
15809	43,31.58915028820602
15816	10194,476.2918058068201
15820	2821,-220.15872575504397
15830	1636,161.83581326489625
15836	2351,-164.29821640598905
15841	1588,193.4303752900532
15842	42,12.756305121516839
15855	931,-105.32915621757863
15911	476,64.1042071981065
15915	90,41.00432843873517
15929	1001,52.799935571566444
15946	212,17.93451641622022
15951	55,11.778289028582964
15955	6708,302.72277417662383
15961	42,15.408787515263413
15962	1266,-59.959968629517505
15981	155,29.738848673981007
15982	184,3.395969642743549
15992	243,43.04218253296882
15993	30,15.271818505324095
15998	238,54.53032013305425
16000	36,11.976826915233085
16001	61,25.240939670222346
16018	51,13.845436108514066
16021	66,31.807610529305855
16022	2272,84.5863273954467
16035	90,20.579369091902787
16042	82,17.368358403979563
16046	1658,-234.8674326546479
16055	71,16.640323522164653
16066	140,43.88375871472866
16082	16542,-739.5893712764067
16091	38,12.706422990754143
16112	126,41.67277112194788
16120	51,12.224533754362595
16122	37,14.683345146620091
16127	208,57.66341524605708
16129	212,84.73033383475456
16131	43,18.863091969442838
16132	63,32.215450313073475
16135	149,29.861927406729045
16147	10430,-29.266161967189603
16150	8561,165.6873347871777
16153	1163,64.72132881810967
16157	194,69.02073841075283
16162	627,48.65052522660404
16169	12184,-499.89855730477
16188	89,41.903230609042716
16231	62,32.39084091601985
16232	2190,162.95550396864837
16243	76,9.521082726773269
16246	311,31.080136297093457
16247	290,84.12064017809045
16252	205,9.86706875490828
16256	36,13.815709078093345
16262	7558,-201.09888056332764
16277	60,20.44965272589556
16283	2626,179.89715663651228
16286	17675,-587.9515625849024
16300	872,49.78201526360626
16311	1063,-114.02306377823304
16329	1378,23.82664526784017
16335	371,35.57484908644662
16342	138,48.79521053196625
16344	4660,185.72402956476913
16349	1629,83.54465919847895
16396	239,48.460260923298755
16398	63,30.014892927977588
16408	21,10.25054368790048
16410	121,30.36126424172495
16422	63,8.212989481410093
16444	1641,-159.11442001402074
16451	51,18.559177233427835
16456	48,18.90299202681808
16467	71,20.93836347749749
16477	118,30.097317932815933
16488	65,19.982694408078242
16494	188,50.582855226668485
16506	385,51.406449392554734
16540	189,21.47828132344583
16545	363,21.142258865995448
16554	283,37.77148264363092
16555	254,23.910845183022477
16559	229,47.304880213586294
16563	220,24.397913820483115
16572	4502,-54.60720137883057
16576	31,26.068416212538263
16589	871,-34.011661566258006
16599	134,36.77372276878585
16606	7575,-250.67412204808485
16613	46,15.818608342157482
16627	58,19.24500291631375
16629	1460,-99.34040730484328
16663	342,-46.45373852496565
16670	829,54.70648187445684
16685	153,48.970709975587695
16689	144,32.23906342667605
16705	1418,40.97391502450873
16707	18320,-624.8175494557142
16726	41,15.90243788580246
16731	1279,59.77506937223751
16733	1242,86.59946235359719
16741	403,70.96301944808634
16761	50,11.54609413531497
16762	81,42.22557457756624
16770	4215,401.0389620592514
16784	3521,-118.70614380049686
16787	48,24.136052238611242
16788	9722,-99.88965110701139
16790	3553,243.4153552064944
16797	593,0.02436352383576912
16820	49,29.85171220785459
16830	55,25.53057596303781
16849	76,26.38055215637584
16854	256,30.984961981701666
16869	4352,294.6136047439731
16889	2343,245.9448429736786
16902	130,33.733682694084436
16904	44,12.38010738840144
16906	64,23.604985731533095
16915	138,28.00324552767548
16916	63,14.133830022682575
16928	43,25.336577047582306
16931	3468,-183.1405252261137
16933	119,31.243517744815467
16948	8950,-309.96025063068254
16950	43,7.647940953583248
16955	113,34.61023278902895
16970	3269,39.98380579526234
16975	586,103.0811690051991
16982	841,-5.657084302456889
16986	1353,100.29248404854772
16988	131,21.873810959685148
16993	364,73.11808659059066
16996	33,10.265332060522015
16999	53,24.058668161433683
17020	804,26.208463117901392
17056	165,45.376412927694815
17065	32,15.184842602134799
17068	38,14.529233679536702
17074	59,28.195762911091084
17082	239,27.78561515816355
17085	5790,18.034830960326545
17087	286,2.6163710556023236
17090	48,19.209698905078213
17104	3244,-524.6451044767069
17107	367,55.62511092113423
17124	33,7.168482730706848
17137	114,24.804292284991682
17174	6576,132.91915576681862
17182	384,26.616736948459906
17196	1414,125.64227509507971
17202	48,16.921958230808023
17203	1123,52.810786955923156
17232	71,13.980161906953306
17255	19,13.317122172265327
17290	814,44.35195674062186
17304	120,50.23681842663525
17310	239,41.03412145375789
17324	16280,-808.3622084598861
17326	69,43.80997319329056
17334	898,-6.122013561652058
17337	35,7.73716806684738
17338	2956,158.65505686070622
17344	141,30.099742813671934
17348	472,39.1729629076262
17358	6794,302.59977866532256
17394	110,44.62501986461382
17411	3423,55.35878062772942
17423	1920,68.41179586493747
17447	245,32.14683022165911
17454	245,19.843125283025543
17466	485,40.4497699953243
17515	108,9.005363133008915
17522	502,55.50502625738175
17523	95,26.561395042459544
17534	48,37.2936386894151
17536	1538,-0.201187645912845
17551	98,30.568114342630267
17554	515,123.69026744637127
17556	331,70.4369370491797
17558	8032,-165.95943185212474
17561	989,107.6155923466767
17574	6786,-188.5950834058637
17616	53,8.212805148426757
17624	2144,-308.2061733009732
17626	65,21.236267063204767
17635	212,3.7665437435487736
17640	97,36.03338559625389
17642	964,3.0219649159380677
17650	752,120.87514835216427
17653	1713,-41.51507926549473
17654	2686,-63.11604542423402
17660	30,10.358340576061316
17689	31,13.247022243159616
17693	2534,34.23151428362514
17706	122,11.159031734342014
17725	2003,273.94966395947034
17728	68,19.26542767257624
17734	41,12.816616352012966
17741	1020,51.54370295502241
17742	246,30.010182775032536
