8354,0	0.10960510349171226,139.9693436802842,1925
8915,0	-1.1962608210838899,-580.0722511008089,20646
6482,0	-0.6368242826771588,-924.8969799599125,19580
6287,0	-1.3135498054818862,-1019.2801378756895,24393
2430,0	0.5430815494785608,-302.82770176002526,16170
2043,0	0.21143795346044225,160.08830857823133,4112
9728,0	1.319014424576873,-537.9673819119031,23184
6911,0	0.1499264292428335,-499.9811815643185,13316
1848,0	-0.07455886835739278,108.28372675277498,933
1425,0	-0.13643053273304995,43.84595366271695,8552
8596,0	1.5508956852887055,-734.038551011426,23005
6014,0	1.1630977960246165,-156.65879487715492,3091
1202,0	0.8209763120014024,-864.178903350169,20997
7476,0	0.29657221045881954,16.549091420458872,65
10428,0	0.10067456176434009,-972.2739214108751,12001
2640,0	0.5226957874806,499.169693486098,4342
1803,0	-1.4308867097945797,0.8701808861202753,8549
2510,0	0.696345375805755,156.67106015772168,666
2430,0	-0.2822781417133915,-302.82770176002526,16170
6911,0	-0.25911334576721057,-499.9811815643185,13316
6911,0	-0.55631995595092,-499.9811815643185,13316
9728,0	1.5437852123056883,-537.9673819119031,23184
7812,0	0.22226597195024622,70.01569575097294,1285
8851,0	0.8389843486706345,-48.34537873411754,12999
1046,0	-0.1562939203600675,-571.7386804144742,9906
5760,0	0.4454975439206392,-122.3554329814117,9579
8915,0	1.4787057117139684,-580.0722511008089,20646
3742,0	1.2079420961740204,211.07475304852005,5324
8526,0	0.24244331677087771,175.82827148050941,5800
4239,0	-0.7193982821999247,14.747713903952393,69
2532,0	-0.5457183153084868,-37.41656360016118,4578
3326,0	0.7228202507986454,-159.29349773021244,7386
4283,0	-1.0455614593543068,124.94286968977214,1009
8596,0	0.6023085581301499,-734.038551011426,23005
852,0	0.4599277525545187,83.77138202545412,381
442,0	0.5463646297610585,-321.13740770982395,10193
5025,0	1.2191734831688663,-770.5858553625268,9653
7557,0	1.0995962579743925,71.74945108682086,472
647,0	0.982620846507456,-4.226930840530757,407
9550,0	0.7445828205383949,294.4604764423136,1950
2430,0	1.1342817147336737,-302.82770176002526,16170
10024,0	-0.3876545471626751,-214.6508371559923,1814
7544,0	-1.3463357587649392,118.88261229632083,8379
6550,0	0.13281782138797427,26.790727468649397,165
6529,0	-2.438148742185226,30.201386650824062,1607
3740,0	1.2220884198270343,199.30625676132237,3856
1832,0	0.6482636122803247,-117.835228859691,12225
4064,0	0.13009758068043586,124.59154289149987,2857
9481,0	-1.785979500702858,-62.12446334448393,12893
2675,0	1.0284627099789971,239.7355874958059,9138
10109,0	-0.15649251854195656,-106.89483548980995,6929
1803,0	0.4245279014339851,0.8701808861202753,8549
4405,0	1.2551948769037637,-85.89437212758772,1598
2130,0	0.4192876972192501,133.79186255716243,979
5025,0	-0.736382072386689,-770.5858553625268,9653
638,0	1.4222640428181048,28.101063170190002,2453
2954,0	-0.0744233277880646,140.2308256042609,2249
3290,0	-0.6218384467826938,-402.2661683602213,17292
2251,0	-0.1443811757775859,84.39878276827373,3710
5727,0	-0.6494864976889874,-432.09347770342737,12503
3253,0	0.6786982586641628,225.62339611061745,6356
6315,0	-0.006828462978900163,-137.32672031899267,2778
1367,0	0.657538685294428,297.8498297842353,9363
2342,0	-1.0221283808295998,-77.7340545891964,13545
6408,0	1.1428485484136175,-892.2957516271214,21198
6911,0	-0.3495267491577132,-499.9811815643185,13316
1853,0	-0.01827524427251248,-13.37276121523447,4478
5327,0	0.7528170315582541,-550.9182934673607,8410
9681,0	-0.6879847437904898,246.08995777676543,5718
3538,0	-1.4451283051331716,-758.7988894382098,15397
3290,0	0.7977611657455594,-402.2661683602213,17292
9481,0	-0.6235918241945138,-62.12446334448393,12893
7899,0	0.7255716414428472,-262.61797597352995,7807
3326,0	-0.5783845684784632,-159.29349773021244,7386
4685,0	-2.4985428901913367,85.1491096535597,5962
6482,0	0.5076689128311331,-924.8969799599125,19580
7238,0	-0.2107573051076237,108.34099556641382,2161
9728,0	0.7579185185442578,-537.9673819119031,23184
10712,0	0.23307316168787828,-197.14745165430244,5862
1305,0	-0.141984865798936,143.20990780428806,8707
7638,0	0.9620895369775901,0.999292817950376,603
1367,0	0.35410225917758975,297.8498297842353,9363
7511,0	-0.14284445523907552,-761.3180557248172,19493
8526,0	0.8100792206899676,175.82827148050941,5800
1367,0	-0.8757719546588882,297.8498297842353,9363
6556,0	0.8243342737391255,69.86087135608147,9216
7067,0	-1.373045981568132,-379.12020194539514,13700
2342,0	-0.12880686782723583,-77.7340545891964,13545
5970,0	-1.6053257672626513,514.3186985283334,4827
1615,0	1.4360666258862183,-464.3664477664015,18043
3285,0	-0.2225422188725541,-611.2587196056236,6911
3285,0	-0.5642115403125034,-611.2587196056236,6911
8915,0	0.9919145102107074,-580.0722511008089,20646
6336,0	-2.3197944016524734,364.2067812238842,11280
3742,0	0.24487931874852897,211.07475304852005,5324
2366,0	0.44466903147103887,103.18755586890151,1643
5025,0	0.856721375889173,-770.5858553625268,9653
7511,0	1.3497508798220128,-761.3180557248172,19493
10429,0	0.46733845679667807,-604.1662339245473,11567
636,0	0.03162845237208778,-254.59519051181118,7600
2601,0	1.1003472212902818,47.087182434375755,1953
7607,0	-1.1701005431574272,-121.19171737638713,3520
2866,0	1.0520082406968316,-254.2286069151364,8822
4847,0	0.5197972069991588,-90.07998850676923,15564
380,0	-0.11422401086371803,64.79380210536839,312
1406,0	-0.1080146624848548,-962.5024598901009,20631
4847,0	-1.6011118839099319,-90.07998850676923,15564
1901,0	-1.1273061558835984,-670.9253601021238,10062
10733,0	-1.034543099453959,-38.44491082081534,1512
7991,0	-1.189490030995184,-8.26138111150839,8683
4932,0	-0.20280362227641646,-341.2031240507874,12689
4932,0	-1.0912345907780359,-341.2031240507874,12689
10576,0	1.6092296628604923,100.35171154315053,749
5814,0	0.25552763309737747,-336.56349272191886,18298
3165,0	1.231951222181754,-26.7785294974562,14348
2290,0	-1.6118685512097395,-1135.7619172123582,13771
10109,0	-0.4270017593344049,-106.89483548980995,6929
1406,0	1.3534577769582121,-962.5024598901009,20631
4875,0	0.7910908392403961,13.806785276953814,28
9717,0	0.9842301026257512,55.99613188368238,3017
5814,0	0.20397511489800157,-336.56349272191886,18298
5727,0	-0.7173652855677752,-432.09347770342737,12503
1406,0	0.24149244287937544,-962.5024598901009,20631
10080,0	0.7609302276936551,-68.71270759116963,5941
4876,0	0.8571810179297805,-117.00675922932382,6150
6523,0	1.385328094563031,-85.83509250332645,6680
5129,0	0.2871396529665602,69.43995440589804,275
8107,0	-1.6700051060371082,-399.89790126296714,15714
4144,0	-0.13616759776127196,-86.44413784229486,3010
6177,0	0.9676646612240511,-149.43220870859426,2017
3290,0	0.8340905322914978,-402.2661683602213,17292
7736,0	-0.3596487725744777,88.99063008247204,954
9131,0	-0.6409241850394132,56.6122414519765,5975
10284,0	-2.1437522147247607,57.438982504505326,568
5943,0	-0.04947557792473534,150.95704739212755,1781
4847,0	-1.370667909279911,-90.07998850676923,15564
3151,0	0.8161439744716339,-530.469112052577,18007
7899,0	2.4269407442600865E-4,-262.61797597352995,7807
8107,0	0.7714379054651572,-399.89790126296714,15714
3613,0	0.10842104688669574,80.12995002569308,483
3290,0	0.8804498827367571,-402.2661683602213,17292
9617,0	-0.7408622476217777,-933.108981099283,16546
6523,0	-0.4951597103150176,-85.83509250332645,6680
1256,0	0.1991693589108512,-365.30583468163763,3722
7067,0	-0.5766256236039284,-379.12020194539514,13700
5970,0	-1.6571776191145031,514.3186985283334,4827
3590,0	1.0681801963005761,98.07660345179282,2819
5814,0	-0.5068739417057722,-336.56349272191886,18298
111,0	0.23335738619931456,-347.44994615128394,8605
7257,0	-0.4296657497286023,99.98198363363919,2693
3165,0	-0.5664183430356373,-26.7785294974562,14348
6069,0	1.2155912647989748,18.97024881457379,40
3538,0	0.9982969522937428,-758.7988894382098,15397
9817,0	0.01789148591190859,56.39145007972472,161
6988,0	-0.39103026300382693,389.37566481526926,6365
10734,0	-0.3849720665224119,196.71570889453585,10840
7511,0	0.517050924011142,-761.3180557248172,19493
1046,0	1.197070081940105,-571.7386804144742,9906
5700,0	0.867539742320941,-32.584026187842284,2027
9131,0	0.27239232743605646,56.6122414519765,5975
8915,0	0.5898502900272216,-580.0722511008089,20646
3742,0	-0.014804891777786988,211.07475304852005,5324
6971,0	1.1248892247054383,-1005.1131975004588,25468
4586,0	-0.49607608651783597,-55.793058969494986,5025
4761,0	-0.058500085309321825,-485.48868839469395,10807
2913,0	0.8761996456713605,-564.5643962407962,16544
1744,0	0.8496278824320682,-905.59056040263,20140
9059,0	0.024885134610931114,53.614345556430855,487
7145,0	-0.4912390715924624,-142.93929960906607,9375
9689,0	-0.960454185897941,-280.4415686223688,12885
4563,0	0.9741099695034277,120.23408789414655,876
185,0	0.4230552512275745,42.0861470622819,1617
2512,0	0.5245514394677966,223.3222454056947,2185
8596,0	0.7307599386823709,-734.038551011426,23005
6408,0	0.4342715503629355,-892.2957516271214,21198
4042,0	-1.7323952619195055,94.27899552706006,891
1202,0	0.5187607282324205,-864.178903350169,20997
8919,0	-0.31570463550223726,93.62708980726073,399
6336,0	0.7783714227907232,364.2067812238842,11280
3890,0	-0.060272734636174,-288.72215278913416,5183
6482,0	0.2787409780208452,-924.8969799599125,19580
907,0	0.45025532738236285,85.19146768033914,2238
5963,0	0.6155352893325903,200.27739491509294,2502
3151,0	1.2351915935192528,-530.469112052577,18007
442,0	0.8723796341741212,-321.13740770982395,10193
1488,0	-0.38020906508628194,-21.96654654256736,870
1202,0	-0.043552927104490546,-864.178903350169,20997
8915,0	0.7610041361810675,-580.0722511008089,20646
8596,0	0.7908622404726522,-734.038551011426,23005
6287,0	1.7398104699259873,-1019.2801378756895,24393
5367,0	0.002455579942961972,-177.71154451362906,3561
6408,0	0.19949342858790953,-892.2957516271214,21198
6347,0	-1.3602425143643804,-901.1439340069261,13806
9689,0	-0.7544626694610375,-280.4415686223688,12885
4761,0	0.47537120379209297,-485.48868839469395,10807
443,0	-0.0750485468326696,185.11670852568605,6560
5656,0	-0.3098298279060572,145.0767701597302,10118
6482,0	-0.2386801122157789,-924.8969799599125,19580
4485,0	0.8707153577307092,76.27830399995405,1837
3084,0	1.1769486097604522,218.03861086343167,3080
6110,0	-0.15847035261191245,67.18701603704757,5325
4943,0	-2.2555884296639688,122.09287074467974,2769
10082,0	-0.9382659315157436,-278.63798964786474,3759
10734,0	-2.1189079337998664,196.71570889453585,10840
10428,0	-0.2424347514654106,-972.2739214108751,12001
5656,0	-0.49619942161510044,145.0767701597302,10118
10255,0	-0.846299618716785,10.723238556594637,6834
5897,0	2.187032618948343,-362.06660033337727,6721
2430,0	0.37822525802417273,-302.82770176002526,16170
5069,0	-0.5463160259825126,-730.8574882559581,12869
3903,0	0.7751813316035738,-215.19505720090882,5418
2518,0	0.035064860831865996,278.3688470591355,3782
8428,0	-0.427002792458671,-221.88488209735794,5243
1289,0	-0.4998662549287758,-739.107143322969,11239
4685,0	-0.7438812518087685,85.1491096535597,5962
3824,0	-1.2671911365837483,36.685269485574835,9680
4207,0	-0.2835704187535768,-136.05208244110565,3182
6408,0	-0.8544281400395413,-892.2957516271214,21198
9237,0	0.5455377955860636,13.66890574708322,1946
3743,0	0.7082169591527485,7.403417538838092,2275
2660,0	-0.135648607972489,-555.4313422966479,20153
5367,0	-0.1489074042751155,-177.71154451362906,3561
6556,0	0.36909353870165473,69.86087135608147,9216
1744,0	0.22176379787507017,-905.59056040263,20140
4761,0	-0.8787209272692946,-485.48868839469395,10807
2460,0	-1.303276154931026,-397.01898869136494,6701
2284,0	-0.43629081014793414,-145.08254700815016,6462
9481,0	-0.2320893249295919,-62.12446334448393,12893
3290,0	0.7316808937372805,-402.2661683602213,17292
3538,0	-1.9893720283419896,-758.7988894382098,15397
7145,0	0.5754275950742045,-142.93929960906607,9375
2430,0	1.6723783219792168,-302.82770176002526,16170
4640,0	-0.9030934049817279,-931.1385492992342,23525
5027,0	1.3488009711621562,19.193900177706414,74
4849,0	0.020380440769490527,-20.249620038679446,7739
8029,0	-0.0053502573173072054,-16.840162281607867,410
3418,0	-0.9819098269646487,-1185.2136734082794,12757
6748,0	-1.6291180475590248,111.02400823156245,464
1983,0	-0.26095776290711026,66.7708252869794,7743
8526,0	-1.552558141947395,175.82827148050941,5800
2460,0	-0.004608427748683752,-397.01898869136494,6701
3541,0	-0.29409865637951604,-185.55240089796638,11566
6482,0	-0.6107861615062942,-924.8969799599125,19580
3889,0	-0.403260951303277,10.625830635888644,394
3274,0	0.8622104375350967,-581.2211556556035,8209
1202,0	0.7383816869838142,-864.178903350169,20997
10662,0	0.3881583763669383,59.19262810949204,4701
1615,0	-0.6689361228768385,-464.3664477664015,18043
442,0	-0.2725067294622425,-321.13740770982395,10193
3192,0	0.8089709854097209,-146.71691808912715,4033
5607,0	-0.37648571945550247,-325.2743323241756,8038
3274,0	-0.07356937897866489,-581.2211556556035,8209
361,0	1.5785133294012534,-143.06530260068524,6843
2913,0	0.4621328695356186,-564.5643962407962,16544
5897,0	-1.1110357843832182,-362.06660033337727,6721
3486,0	0.09403821477413876,71.0992212663355,336
1406,0	-0.5716964707873977,-962.5024598901009,20631
8977,0	-0.455705608809291,135.3950326359909,1545
4640,0	-0.28204077340278033,-931.1385492992342,23525
6988,0	-0.818178642426961,389.37566481526926,6365
1482,0	0.20133851150678117,44.8621741194821,3949
9681,0	-0.578594379975347,246.08995777676543,5718
8596,0	0.7314772987971483,-734.038551011426,23005
6334,0	-0.9758944482694494,75.54808315647686,1360
3824,0	1.4096056690950447,36.685269485574835,9680
1406,0	0.1906878146043387,-962.5024598901009,20631
6482,0	-0.8662806670007996,-924.8969799599125,19580
2528,0	-0.04432711693713198,-43.177746352271875,6665
111,0	0.25401028426726935,-347.44994615128394,8605
6971,0	-0.7862801905869157,-1005.1131975004588,25468
3326,0	-0.0901492743608161,-159.29349773021244,7386
4640,0	0.2589914187280322,-931.1385492992342,23525
6482,0	-0.25892135964149254,-924.8969799599125,19580
7903,0	1.1148010404523552,-55.04170183849503,595
712,0	-0.0818925628826146,31.800913807677276,527
5220,0	1.6380957660472686,158.26624226493536,3674
2794,0	-0.16604431425447963,56.63890043074311,592
2913,0	-1.0147433982128597,-564.5643962407962,16544
9681,0	1.1537288523478852,246.08995777676543,5718
9728,0	-0.10292650369316947,-537.9673819119031,23184
9343,0	-0.3056895979082519,62.3696920099579,375
1757,0	-0.6851933573067486,-72.95856751648746,2625
9867,0	0.12365673087667295,29.573921568942453,81
6287,0	0.7455538359746967,-1019.2801378756895,24393
8677,0	0.8121751501029881,213.49066906554572,5906
4432,0	0.5975020030238878,-703.8231515536577,22565
1046,0	-0.06862360541702506,-571.7386804144742,9906
6190,0	-0.8401840157710909,-209.16586923700132,8778
8512,0	-0.06971157723580346,119.18279448732325,10632
7511,0	0.5394871300775841,-761.3180557248172,19493
7587,0	1.4444208141832546,59.37446542981092,605
6448,0	0.7220705841114174,27.05258309022376,506
9517,0	-1.124846676378879,252.46471856565566,2137
48,0	-0.8269606642295178,79.73582122152048,1666
9410,0	0.34567849798587824,113.83413002013106,1679
4586,0	0.07210573166398238,-55.793058969494986,5025
10686,0	-0.07441922381850796,35.16583307175688,1840
5727,0	0.668695320492831,-432.09347770342737,12503
2342,0	0.46455062009546966,-77.7340545891964,13545
1202,0	0.11604579610572419,-864.178903350169,20997
2913,0	0.25020758217929684,-564.5643962407962,16544
1202,0	-0.45690202709135175,-864.178903350169,20997
5760,0	0.7328352062583017,-122.3554329814117,9579
3541,0	-1.4117457152030455,-185.55240089796638,11566
9481,0	1.3131382989857774,-62.12446334448393,12893
7511,0	1.4393627519681313,-761.3180557248172,19493
2755,0	0.5257331294463086,-265.5373139461155,7131
3538,0	0.8224218778545187,-758.7988894382098,15397
4496,0	0.3417141372476,213.38764454906593,3449
4432,0	0.8167327722546571,-703.8231515536577,22565
4685,0	0.19619030454185804,85.1491096535597,5962
3229,0	0.20600014440332792,62.10310691648059,905
3944,0	1.2511740040748234,120.8553374309513,687
5369,0	0.2426544806790205,-64.52147515432964,756
10109,0	-0.31016245776589324,-106.89483548980995,6929
2552,0	3.6052803892680867,59.36288283073491,240
9689,0	0.6967568427340844,-280.4415686223688,12885
9798,0	0.2730665079568979,36.98855484818281,8727
9728,0	0.9370549720709551,-537.9673819119031,23184
2913,0	0.2625067789664457,-564.5643962407962,16544
3192,0	-0.011664345168791446,-146.71691808912715,4033
10662,0	-2.7219606712521096,59.19262810949204,4701
5562,0	-2.491341020641479,67.94767083902235,9093
2430,0	0.06323952216245088,-302.82770176002526,16170
7517,0	-1.497279214445134,254.00258119713132,5714
5760,0	-0.07765060422750913,-122.3554329814117,9579
111,0	-0.1510530068719711,-347.44994615128394,8605
4432,0	-0.5423108867890019,-703.8231515536577,22565
6756,0	-2.6547405486383706,30.01130397784909,2672
8107,0	1.1657710431967359,-399.89790126296714,15714
9728,0	-0.7623517517260123,-537.9673819119031,23184
2342,0	0.36187045332953716,-77.7340545891964,13545
8825,0	-0.48021111783655357,95.10799882497447,1951
8851,0	0.24115826171411303,-48.34537873411754,12999
2284,0	-5.332343903581283E-4,-145.08254700815016,6462
6408,0	-0.028079016319257022,-892.2957516271214,21198
28,0	0.6817343430342229,-643.9791448461749,12244
3151,0	-0.11713398787609597,-530.469112052577,18007
28,0	0.4967012113718776,-643.9791448461749,12244
3135,0	0.6675836976081859,69.52586834839902,3776
6281,0	0.13832267132692744,65.97254833629893,7938
2430,0	-1.5400726786397225,-302.82770176002526,16170
5651,0	-1.380562955336555,-177.91790733628113,7631
4640,0	0.6499649164976464,-931.1385492992342,23525
6014,0	-0.2507653867008419,-156.65879487715492,3091
5814,0	-0.7971800641547517,-336.56349272191886,18298
1629,0	0.47068270908071863,44.53310300720871,307
7067,0	0.867174868141769,-379.12020194539514,13700
8384,0	-0.7860028191750339,169.90154791128225,7854
6971,0	0.016733946516311438,-1005.1131975004588,25468
4496,0	-1.9195801240466612,213.38764454906593,3449
9728,0	0.15656716719290653,-537.9673819119031,23184
1832,0	-0.022126957740787212,-117.835228859691,12225
2660,0	0.032705822407257834,-555.4313422966479,20153
2861,0	0.7726841603876804,23.22083164362568,1371
930,0	0.2478138134168666,-4.956339114153877,433
7132,0	-1.4376245868958732,14.36762454940246,99
1832,0	-1.2945222316398204,-117.835228859691,12225
1289,0	-1.8159431444001606,-739.107143322969,11239
9798,0	-0.0028693209201069436,36.98855484818281,8727
3285,0	1.0428832415387914,-611.2587196056236,6911
1104,0	0.3719860144138494,-17.531439332791397,5203
6872,0	0.48335672941883123,212.82518326019658,2725
1213,0	-1.161627351019431,22.696236747209138,488
2251,0	-0.1299661429576453,84.39878276827373,3710
1744,0	0.03559956840375422,-905.59056040263,20140
1615,0	1.264316444332115,-464.3664477664015,18043
3418,0	0.3495534427865232,-1185.2136734082794,12757
3587,0	-0.4730722488954524,129.82047881056792,1871
10255,0	-0.4394491592347465,10.723238556594637,6834
361,0	0.6708828073129003,-143.06530260068524,6843
8107,0	-0.269076313467449,-399.89790126296714,15714
8596,0	0.41007682672791157,-734.038551011426,23005
3546,0	1.3963546444325279,64.96809322575663,549
4095,0	-1.6332798135108515,12.192757832876001,153
10493,0	-0.816109702223093,67.36994747708226,518
4432,0	-0.4608981857443992,-703.8231515536577,22565
7899,0	0.6545489141701202,-262.61797597352995,7807
8163,0	0.08345574577167403,-30.27366909848457,2483
10082,0	-2.095040125064131,-278.63798964786474,3759
7147,0	-1.2191392023114171,-14.339773822075479,540
1046,0	-0.34548310954925654,-571.7386804144742,9906
4847,0	0.18491915821867133,-90.07998850676923,15564
1884,0	0.2181536791799612,75.99233575990253,5384
2755,0	0.04420219931724745,-265.5373139461155,7131
7923,0	0.20775009507420394,27.642458288143676,152
6281,0	2.498616788973986,65.97254833629893,7938
3355,0	-0.41361892276400836,249.58870754076906,7947
9689,0	-0.1406415312496554,-280.4415686223688,12885
6287,0	-1.6272752956779644,-1019.2801378756895,24393
7544,0	0.566122153692973,118.88261229632083,8379
6336,0	-1.387147236610942,364.2067812238842,11280
1406,0	0.5813489334207973,-962.5024598901009,20631
6666,0	0.21977562619840185,174.24285727537665,3852
2913,0	0.7371062076088504,-564.5643962407962,16544
1757,0	0.10625863332556973,-72.95856751648746,2625
3862,0	2.1677758806663374,-23.23591059316315,4678
2755,0	-0.028999421756714217,-265.5373139461155,7131
2212,0	-0.1298530412771357,-405.2422884732344,6449
851,0	0.7486603133281724,-843.6475727425652,8960
7763,0	1.148044484841337,72.32700677168638,2498
5814,0	-0.0900134765894931,-336.56349272191886,18298
5958,0	-1.0703955512733403,111.96887921054997,1337
1406,0	-0.36004300797114386,-962.5024598901009,20631
1983,0	1.2015340831463797,66.7708252869794,7743
156,0	0.8660461712688856,202.92693615757793,3397
8699,0	0.12879711595242282,-158.11189709619387,2888
9518,0	0.10349139239836358,258.1117573475521,5804
9481,0	0.141958415039936,-62.12446334448393,12893
6287,0	0.3287210563512195,-1019.2801378756895,24393
2460,0	-1.9670976664647086,-397.01898869136494,6701
6347,0	0.2939831252654508,-901.1439340069261,13806
1744,0	-0.519345486541301,-905.59056040263,20140
3928,0	-0.4895461940219574,-16.748365760865408,2299
1615,0	-0.7109921976431934,-464.3664477664015,18043
681,0	0.13074883200626086,-397.4925212848665,2633
8166,0	0.4098678962776532,-50.06806549824557,1167
6347,0	-0.5744923132380726,-901.1439340069261,13806
8107,0	-0.5887694080966046,-399.89790126296714,15714
2352,0	-0.5726772483739322,127.01505139527957,2213
3022,0	-1.5385679783880577,31.188710131116764,85
1104,0	0.518689311117146,-17.531439332791397,5203
6110,0	-0.8150637592053194,67.18701603704757,5325
8384,0	-2.1846514678236826,169.90154791128225,7854
5069,0	-0.2591024898934142,-730.8574882559581,12869
3135,0	-0.42652893946197246,69.52586834839902,3776
3893,0	0.46370385088618615,-136.4916067891776,11799
6482,0	1.600752300032167,-924.8969799599125,19580
3253,0	-0.7893572968913927,225.62339611061745,6356
7406,0	0.452219969674732,472.77092274724765,7197
8596,0	0.16767383467555064,-734.038551011426,23005
4761,0	-0.006740250940791892,-485.48868839469395,10807
1744,0	0.582566300301993,-905.59056040263,20140
2104,0	-1.9325502539107746,-95.3596141391072,3511
122,0	0.303948609907009,40.16846096094095,1429
851,0	1.1023379346114273,-843.6475727425652,8960
5272,0	0.8336711378629529,51.88214794899208,557
5069,0	0.2181893519905218,-730.8574882559581,12869
3285,0	-0.12265101800216138,-611.2587196056236,6911
5656,0	0.569145913333835,145.0767701597302,10118
6347,0	-0.4819849386068049,-901.1439340069261,13806
2675,0	1.3296675292561058,239.7355874958059,9138
2757,0	-0.5324258408994806,-125.85835855770986,7889
10428,0	-2.264275923991515,-972.2739214108751,12001
5069,0	-0.44566305576432486,-730.8574882559581,12869
6988,0	0.16892056949142376,389.37566481526926,6365
2015,0	0.09120649558286864,213.0750734550566,4994
3638,0	-0.631510316245731,-898.3919750355501,15996
992,0	0.6430080754787553,1.8678154451382722,3164
5727,0	1.0566328677101562,-432.09347770342737,12503
4432,0	0.6524139585382529,-703.8231515536577,22565
2290,0	0.8972889579477696,-1135.7619172123582,13771
2660,0	-0.9233029289601431,-555.4313422966479,20153
3290,0	-0.2704452579282046,-402.2661683602213,17292
2866,0	0.14937508090508134,-254.2286069151364,8822
10019,0	-1.802282720065977,119.19117322558853,2084
9028,0	-0.4515433286205752,-199.8650121583436,1494
3170,0	0.19652144155559137,91.67146935648655,793
1333,0	1.17024996701093,29.02701810772811,147
636,0	0.20100667402157235,-254.59519051181118,7600
3165,0	-0.5289183430356372,-26.7785294974562,14348
1803,0	-0.9280007069085769,0.8701808861202753,8549
2356,0	0.717576888802661,181.3099155156903,1601
3237,0	-0.35702378703961735,218.53312909792533,1230
9805,0	-0.7839650242711325,-282.12690343965534,4274
10100,0	1.0540813343747666,179.6300655760308,1504
7511,0	0.5679663555717349,-761.3180557248172,19493
7067,0	0.16498265831597125,-379.12020194539514,13700
6013,0	-1.8718143750619811,168.47466478531842,3235
595,0	1.0928707335450176,24.242947144448607,411
8596,0	0.5759319697589524,-734.038551011426,23005
3151,0	0.38330480106642284,-530.469112052577,18007
9946,0	-0.6331531958598458,-16.964925150612537,4505
10428,0	0.62661812819286,-972.2739214108751,12001
2284,0	-0.06134624252043963,-145.08254700815016,6462
3107,0	0.29448416117975906,32.05246950711955,819
1482,0	0.21976698226083347,44.8621741194821,3949
6085,0	0.100572963230952,187.27609230386668,2741
5760,0	-0.2452919297635714,-122.3554329814117,9579
518,0	-1.0466459565044373,40.98811911426387,1185
1202,0	-0.5423832559884865,-864.178903350169,20997
8596,0	0.4624341468271673,-734.038551011426,23005
2528,0	-0.15257084453569858,-43.177746352271875,6665
7518,0	1.1029604005819493,68.7773399030185,498
9689,0	0.6163494452535163,-280.4415686223688,12885
3862,0	-1.9413545541162716,-23.23591059316315,4678
3670,0	0.020449797790531576,-576.2253045362754,10376
8867,0	-1.0737369623690656,-13.825074059965107,2658
5651,0	-0.9829245789527912,-177.91790733628113,7631
28,0	0.6424085003375937,-643.9791448461749,12244
9728,0	-0.6690142281559308,-537.9673819119031,23184
1744,0	-0.6753894425852565,-905.59056040263,20140
3232,0	-0.5613620822140004,-125.47245497081487,4685
6971,0	-1.3467255776494818,-1005.1131975004588,25468
9617,0	1.5087223799878449,-933.108981099283,16546
5342,0	0.6080680420917042,232.29294199048655,3316
8851,0	-0.5093302580709387,-48.34537873411754,12999
3638,0	1.392148344970416,-898.3919750355501,15996
10429,0	0.6145473882161356,-604.1662339245473,11567
4876,0	-0.9736187176948063,-117.00675922932382,6150
2342,0	-1.0835559717698882,-77.7340545891964,13545
6971,0	-0.6446820707279262,-1005.1131975004588,25468
9617,0	0.6075664074631337,-933.108981099283,16546
3269,0	0.6163202580690359,32.61571582332647,4695
8699,0	0.8089317960871032,-158.11189709619387,2888
10428,0	-1.1607983205139116,-972.2739214108751,12001
1076,0	0.7550676395021934,53.08211765306332,292
9805,0	0.47726092013371435,-282.12690343965534,4274
4647,0	0.6616553574003734,56.98674950388906,226
9617,0	1.6946991328937315,-933.108981099283,16546
8849,0	1.0359718352242981,100.02762068334314,1430
2375,0	-0.2604705741939739,-129.02600770805677,3355
3824,0	-2.038886301136056,36.685269485574835,9680
4432,0	0.17194369036880097,-703.8231515536577,22565
4049,0	0.6679316686107302,-40.29217175583867,2067
6666,0	-0.16751285083624756,174.24285727537665,3852
4847,0	1.0486207364109235,-90.07998850676923,15564
1425,0	0.19017797326476948,43.84595366271695,8552
7544,0	-0.7712369445356906,118.88261229632083,8379
9617,0	-1.4481580099634113,-933.108981099283,16546
3151,0	-1.0181982369892215,-530.469112052577,18007
2290,0	0.420800330296351,-1135.7619172123582,13771
1134,0	0.4150081877733012,87.0300685331116,1391
8,0	1.7063381686825934,49.057834852326415,2831
5607,0	0.0015586543249410667,-325.2743323241756,8038
5474,0	-0.24056071311478222,171.4922189416394,910
8107,0	1.2481871136425258,-399.89790126296714,15714
2212,0	-0.22938718117422896,-405.2422884732344,6449
10721,0	-0.37004128148922444,8.965268372973284,4197
6347,0	0.8677586511367852,-901.1439340069261,13806
1983,0	1.5216399032521997,66.7708252869794,7743
2675,0	0.07563252129975195,239.7355874958059,9138
1615,0	-0.16382238632243862,-464.3664477664015,18043
7991,0	0.4182972434587575,-8.26138111150839,8683
1202,0	0.4585828109116461,-864.178903350169,20997
5562,0	0.35412325551586665,67.94767083902235,9093
1832,0	0.7426122712841559,-117.835228859691,12225
636,0	-0.784236381533983,-254.59519051181118,7600
4432,0	0.5760307558244855,-703.8231515536577,22565
4640,0	-0.01723169187543272,-931.1385492992342,23525
8677,0	-0.34407484989701187,213.49066906554572,5906
2643,0	-0.0010207328948532712,-72.65559674228946,1639
1615,0	-0.059477046128042055,-464.3664477664015,18043
9152,0	0.1485087854766185,-1.7315892222707312,1492
4640,0	-0.7169362312254193,-931.1385492992342,23525
8596,0	0.02327330766632807,-734.038551011426,23005
3638,0	1.633850760865652,-898.3919750355501,15996
1289,0	1.057536709079693,-739.107143322969,11239
2235,0	2.2922833194986456,135.1389887372257,1590
3890,0	0.7535410791776398,-288.72215278913416,5183
4432,0	0.016961256641557565,-703.8231515536577,22565
723,0	0.21935857052783492,-251.47153223885584,6959
4847,0	-0.023716306514354635,-90.07998850676923,15564
2212,0	0.24371488016312615,-405.2422884732344,6449
6971,0	-1.2700173296509716,-1005.1131975004588,25468
5656,0	-0.1603792784555078,145.0767701597302,10118
6971,0	0.5615458963696058,-1005.1131975004588,25468
1668,0	1.2980342494024937,-213.64202613436458,3083
442,0	-0.8403946604967252,-321.13740770982395,10193
2660,0	-0.9866690161357541,-555.4313422966479,20153
2905,0	-0.13979066593129463,408.6783950907569,4334
2660,0	-1.3561031534270342,-555.4313422966479,20153
3538,0	-0.4741834305878867,-758.7988894382098,15397
9043,0	0.542348892122039,137.65603427865895,10686
7442,0	1.755048519207326,86.258755583514,761
9043,0	0.27740413467709857,137.65603427865895,10686
6556,0	0.22646229265484896,69.86087135608147,9216
111,0	1.0754626493572097,-347.44994615128394,8605
3253,0	0.8336449862136299,225.62339611061745,6356
4932,0	-1.6204100664651393,-341.2031240507874,12689
8596,0	0.009397709580203806,-734.038551011426,23005
1092,0	3.495335496794816E-4,-146.7510474104989,2287
3824,0	-0.18045644270619743,36.685269485574835,9680
5562,0	0.7625077648528764,67.94767083902235,9093
4627,0	0.36468106088275265,61.51086907112256,3317
3541,0	-0.4050790485363791,-185.55240089796638,11566
3151,0	-0.8414750731474134,-530.469112052577,18007
1615,0	-0.4319224302013329,-464.3664477664015,18043
2518,0	-0.10713261302389965,278.3688470591355,3782
9087,0	0.36013289040407015,182.75287633394254,3095
10721,0	0.7320975225264892,8.965268372973284,4197
5727,0	0.455107832711795,-432.09347770342737,12503
6287,0	-0.20895113147991085,-1019.2801378756895,24393
8085,0	0.9976200236405237,34.32859655895702,239
5813,0	-0.6208041087983778,64.08037608101904,261
3232,0	-0.8074323549833027,-125.47245497081487,4685
8781,0	-1.0556415748021761,-85.28128852759968,1398
636,0	-0.8229714834178741,-254.59519051181118,7600
6872,0	0.35117340799390506,212.82518326019658,2725
1305,0	-0.1356023720674564,143.20990780428806,8707
3670,0	-1.8563817040409702,-576.2253045362754,10376
6315,0	0.4763653393452283,-137.32672031899267,2778
1289,0	0.715630354564643,-739.107143322969,11239
4876,0	-0.14049851309122552,-117.00675922932382,6150
2755,0	0.7666332770114832,-265.5373139461155,7131
3903,0	0.004428643431531043,-215.19505720090882,5418
8107,0	0.14268839241490427,-399.89790126296714,15714
7991,0	-0.19844884231387727,-8.26138111150839,8683
2955,0	1.5171837017241847,435.6250325329113,6021
3274,0	-0.22574329202214294,-581.2211556556035,8209
3893,0	0.4054250596314861,-136.4916067891776,11799
6593,0	1.3610133819096055,-36.127876389766904,283
9481,0	0.2641435693351819,-62.12446334448393,12893
442,0	0.34040993720442403,-321.13740770982395,10193
6336,0	-0.4567096492547438,364.2067812238842,11280
2342,0	0.11331798898834267,-77.7340545891964,13545
1425,0	-1.4484463653595694,43.84595366271695,8552
2660,0	-1.44457717940106,-555.4313422966479,20153
452,0	-0.34619054294223206,61.78521889494057,945
5607,0	0.3255160500645151,-325.2743323241756,8038
6408,0	-0.882019176454107,-892.2957516271214,21198
5327,0	-0.9390582557740483,-550.9182934673607,8410
1123,0	0.08107615572703253,-86.8268995242214,4879
6234,0	-0.7691843572304764,-110.22649591258178,1873
6408,0	-0.7769045380061352,-892.2957516271214,21198
3685,0	-0.3096662665277581,-79.33649072641997,1006
6911,0	-0.1857460853770494,-499.9811815643185,13316
6281,0	0.40816173902948005,65.97254833629893,7938
3670,0	-0.4989126890377089,-576.2253045362754,10376
3201,0	1.885995912163223,31.771115373442193,57
3541,0	-0.4476106941059994,-185.55240089796638,11566
8384,0	-2.0835403567125717,169.90154791128225,7854
2660,0	0.6786371063132255,-555.4313422966479,20153
4943,0	-0.9036200855081247,122.09287074467974,2769
5651,0	-1.9479878700920317,-177.91790733628113,7631
8851,0	-1.0651252403704614,-48.34537873411754,12999
3955,0	0.27378942383563354,24.51362888638907,1604
127,0	-1.170426666576554,160.98597506096576,1781
3670,0	-1.0963084439677102,-576.2253045362754,10376
8,0	-1.0248970005443332,49.057834852326415,2831
4849,0	-0.4364852308723006,-20.249620038679446,7739
1615,0	0.7235872416091431,-464.3664477664015,18043
9747,0	0.09706061094721985,30.860348775383663,495
7524,0	0.1724330180615068,70.52593985778053,2474
409,0	1.0440644253928948,-25.090243231177418,243
5149,0	0.4724035416770258,-243.3988961374959,4084
1425,0	0.48251965220438686,43.84595366271695,8552
2731,0	-1.1722988349884265,25.07389454556201,3832
1893,0	-2.23981246266585,91.72233340935813,502
6482,0	-0.7762509050960378,-924.8969799599125,19580
5814,0	-0.30965171948354975,-336.56349272191886,18298
6110,0	-1.5149129296427248,67.18701603704757,5325
1853,0	1.6460867921825475,-13.37276121523447,4478
7511,0	0.34641403401941373,-761.3180557248172,19493
1884,0	0.3169255480248232,75.99233575990253,5384
2757,0	0.43647854735974656,-125.85835855770986,7889
8384,0	-0.3557040994026299,169.90154791128225,7854
3151,0	0.3799967883244477,-530.469112052577,18007
7067,0	0.884499885466786,-379.12020194539514,13700
6971,0	-0.6560485774215357,-1005.1131975004588,25468
4640,0	-0.05604721808591684,-931.1385492992342,23525
3670,0	0.1990437448271014,-576.2253045362754,10376
9689,0	-0.9652096206805498,-280.4415686223688,12885
1046,0	0.27451689045074357,-571.7386804144742,9906
8678,0	0.25460537626113044,-162.7394050732872,1961
9798,0	1.2886167471913477,36.98855484818281,8727
10561,0	-0.713165435879199,-211.89740304932897,2892
3638,0	0.9123190848431983,-898.3919750355501,15996
1406,0	0.5737298858017499,-962.5024598901009,20631
2913,0	0.7665029617172507,-564.5643962407962,16544
9946,0	-1.0595339625914897,-16.964925150612537,4505
6971,0	-1.8406280166738722,-1005.1131975004588,25468
6482,0	-0.6784499791701122,-924.8969799599125,19580
2290,0	-0.29599553533672385,-1135.7619172123582,13771
7511,0	-1.132006884995565,-761.3180557248172,19493
2955,0	0.7667684193321582,435.6250325329113,6021
992,0	-0.05230442452124473,1.8678154451382722,3164
9528,0	0.7791709368407509,44.31260388083663,9824
3165,0	-0.7416843004824458,-26.7785294974562,14348
3151,0	-0.12548801813123234,-530.469112052577,18007
9728,0	0.5348280367581237,-537.9673819119031,23184
2460,0	-1.3217469769193988,-397.01898869136494,6701
5814,0	-0.16250457233640292,-336.56349272191886,18298
4586,0	0.46820962776787844,-55.793058969494986,5025
3355,0	0.09194460030606733,249.58870754076906,7947
9043,0	-0.7236921379958137,137.65603427865895,10686
3638,0	1.7455155818327985,-898.3919750355501,15996
5149,0	0.7769190160555142,-243.3988961374959,4084
1256,0	0.2768831747003251,-365.30583468163763,3722
1140,0	1.0241234978598848,148.98401464786818,2727
6408,0	0.1135139040347255,-892.2957516271214,21198
8512,0	-0.4981531356773621,119.18279448732325,10632
2532,0	0.8954476996221921,-37.41656360016118,4578
8428,0	-0.7617412005915742,-221.88488209735794,5243
6971,0	0.2651412140953586,-1005.1131975004588,25468
5220,0	-0.09837957619254656,158.26624226493536,3674
1123,0	1.3072903939173184,-86.8268995242214,4879
3290,0	0.2350694479541482,-402.2661683602213,17292
2866,0	0.5353071867738959,-254.2286069151364,8822
8512,0	0.38541157547355587,119.18279448732325,10632
4849,0	-0.05169071032435513,-20.249620038679446,7739
1202,0	0.9094559436699039,-864.178903350169,20997
1432,0	0.37548530187191087,214.21292473948074,1056
8512,0	-1.0175558886130491,119.18279448732325,10632
8493,0	1.1857934042028346,51.27264891108281,3856
7406,0	-0.3378875572069884,472.77092274724765,7197
2043,0	0.566701111355179,160.08830857823133,4112
5651,0	0.05249526837545293,-177.91790733628113,7631
6523,0	0.34450971117258566,-85.83509250332645,6680
8867,0	0.03053609651577016,-13.825074059965107,2658
9689,0	0.12184395074802179,-280.4415686223688,12885
6336,0	-0.7695807264387984,364.2067812238842,11280
4432,0	0.4729060107808367,-703.8231515536577,22565
8915,0	-0.5089592337823023,-580.0722511008089,20646
9518,0	-0.6445420637402406,258.1117573475521,5804
3638,0	-0.6894050530878362,-898.3919750355501,15996
1367,0	-0.5247595294402965,297.8498297842353,9363
2290,0	0.5350808535521652,-1135.7619172123582,13771
7186,0	-1.854510584544121,20.884907481834777,1914
361,0	0.4062286852064969,-143.06530260068524,6843
10429,0	-0.421268603021542,-604.1662339245473,11567
28,0	-0.46372242296480026,-643.9791448461749,12244
9617,0	-0.5441831968976891,-933.108981099283,16546
3274,0	1.3309250030438071,-581.2211556556035,8209
6287,0	1.1930338498780682,-1019.2801378756895,24393
3326,0	-1.392817558169185,-159.29349773021244,7386
5326,0	0.8872597976065832,-121.78783818530388,3729
2015,0	-0.023892063734757496,213.0750734550566,4994
8051,0	0.38884278431426145,340.3538801036814,3466
9043,0	0.7050737422219719,137.65603427865895,10686
5336,0	1.4201422989069568,24.78499099675373,861
1884,0	-0.106482111209254,75.99233575990253,5384
2528,0	-0.21321600582602107,-43.177746352271875,6665
7511,0	-0.8206137738534647,-761.3180557248172,19493
9717,0	0.8751952695343146,55.99613188368238,3017
2375,0	0.2799301435093753,-129.02600770805677,3355
305,0	-0.9929291483973786,-569.7049678722607,6324
1983,0	0.4992289572743749,66.7708252869794,7743
10428,0	-0.3425153316426872,-972.2739214108751,12001
8915,0	0.40373917891611066,-580.0722511008089,20646
4761,0	-0.6435898589236855,-485.48868839469395,10807
5326,0	-1.5255166151698298,-121.78783818530388,3729
3165,0	-0.2183920272461637,-26.7785294974562,14348
9043,0	-0.19160817997482438,137.65603427865895,10686
6172,0	-1.0087756506142327,154.72808350177206,786
849,0	1.1498154710844846,85.79486641156637,751
6230,0	1.63566063428989,21.826255479505043,510
9528,0	-0.4803861019942004,44.31260388083663,9824
5897,0	-0.3397577870182644,-362.06660033337727,6721
8448,0	2.105766851434282,39.41024722178692,511
9481,0	0.5946099301914511,-62.12446334448393,12893
5327,0	0.4597210869489565,-550.9182934673607,8410
6291,0	0.5241289308614485,132.60678588965942,2231
2103,0	-0.934148641016749,145.79067193047362,1590
9230,0	-0.4097856292323536,57.08893376304347,308
7145,0	-0.09426937462276541,-142.93929960906607,9375
2913,0	0.7688479330564899,-564.5643962407962,16544
3541,0	-1.2176817882624063,-185.55240089796638,11566
2015,0	0.7909948476482604,213.0750734550566,4994
1744,0	-0.946543288739103,-905.59056040263,20140
7544,0	0.3374587076382225,118.88261229632083,8379
722,0	0.690756328227843,106.69629869235105,1484
7991,0	0.2013741665356803,-8.26138111150839,8683
6911,0	-0.4517183075992719,-499.9811815643185,13316
8677,0	0.5487822929601309,213.49066906554572,5906
3893,0	0.5777830463607305,-136.4916067891776,11799
1744,0	0.19161460599773905,-905.59056040263,20140
3638,0	-0.12596419287278238,-898.3919750355501,15996
3418,0	0.571181033680169,-1185.2136734082794,12757
1615,0	0.13840539271825225,-464.3664477664015,18043
6190,0	0.8045528263341719,-209.16586923700132,8778
8493,0	-0.48959121118178084,51.27264891108281,3856
6287,0	0.43292999449179437,-1019.2801378756895,24393
1289,0	0.10965209369507756,-739.107143322969,11239
9617,0	-0.16853453266551588,-933.108981099283,16546
3733,0	0.2157342983709074,12.284333998078749,1344
9528,0	0.015077607683218641,44.31260388083663,9824
9798,0	-0.3359817208096407,36.98855484818281,8727
8851,0	1.4174157212196543,-48.34537873411754,12999
4546,0	0.7742349808021518,-252.5633723632367,6189
2866,0	-0.3115058523209848,-254.2286069151364,8822
1104,0	-0.4795249745971395,-17.531439332791397,5203
1901,0	-0.21489668240542237,-670.9253601021238,10062
3893,0	-1.739784521206837,-136.4916067891776,11799
9528,0	0.3637272700988228,44.31260388083663,9824
2243,0	0.7342740148272906,-2.5001803677594827,810
1744,0	0.3993869438190365,-905.59056040263,20140
4847,0	-0.950202793000841,-90.07998850676923,15564
7382,0	1.676172871112744,12.456094065448811,89
725,0	0.2569761953526575,-62.27207822792552,1011
3355,0	1.4169746845419273,249.58870754076906,7947
5562,0	0.5852355559350979,67.94767083902235,9093
9728,0	0.72020353082927,-537.9673819119031,23184
2660,0	-0.04581809949791271,-555.4313422966479,20153
1305,0	1.0775351002163576,143.20990780428806,8707
3043,0	0.13847150528340668,57.2103351395354,2178
3538,0	-0.015148425857517633,-758.7988894382098,15397
287,0	0.006642512269051881,29.47494465771675,67
5069,0	-0.5523375517517981,-730.8574882559581,12869
8107,0	0.3965899530391539,-399.89790126296714,15714
6287,0	0.8772998677207284,-1019.2801378756895,24393
7145,0	0.861737118883728,-142.93929960906607,9375
5897,0	-1.051641844989279,-362.06660033337727,6721
4546,0	1.5024711116698617,-252.5633723632367,6189
723,0	-0.16939741033340905,-251.47153223885584,6959
3355,0	-0.7479022729524796,249.58870754076906,7947
723,0	-1.0851868840176198,-251.47153223885584,6959
9310,0	-0.16484166792602917,110.51646420457442,2317
359,0	0.25496317562054793,-7.6989001696868495,1938
2640,0	0.184272142160403,499.169693486098,4342
6220,0	1.2809732627659383,82.32329870475726,876
3538,0	0.25880115397441505,-758.7988894382098,15397
6190,0	0.26710343362162137,-209.16586923700132,8778
6971,0	0.8324489064030507,-1005.1131975004588,25468
4640,0	0.2264316271106983,-931.1385492992342,23525
6914,0	-0.09240332827620934,64.77061242572482,292
1744,0	0.05857367032522465,-905.59056040263,20140
8915,0	-1.180801883885822,-580.0722511008089,20646
6911,0	1.4089331008514323,-499.9811815643185,13316
3151,0	0.024477307804967374,-530.469112052577,18007
851,0	0.4014380911059501,-843.6475727425652,8960
1832,0	0.15683693550882039,-117.835228859691,12225
5025,0	-0.6108918763082576,-770.5858553625268,9653
28,0	1.6608192218754305,-643.9791448461749,12244
2955,0	0.6307794083431473,435.6250325329113,6021
4432,0	-0.16595953543765063,-703.8231515536577,22565
1305,0	0.19708055476181174,143.20990780428806,8707
1832,0	1.595880245140365,-117.835228859691,12225
1406,0	0.2810417137587389,-962.5024598901009,20631
9993,0	-0.32071319051058955,10.78897745983189,167
8851,0	0.012317682003967878,-48.34537873411754,12999
5577,0	-0.5672613263021558,143.5821345733751,1704
2954,0	-0.24204439090271634,140.2308256042609,2249
3418,0	-0.1822528637934635,-1185.2136734082794,12757
2675,0	0.8580081645244517,239.7355874958059,9138
8512,0	-2.1778068153310417,119.18279448732325,10632
2675,0	0.5559352374515245,239.7355874958059,9138
6336,0	-0.4457229901978845,364.2067812238842,11280
2731,0	-1.3935646577732363,25.07389454556201,3832
1202,0	-1.116111066639374,-864.178903350169,20997
3538,0	0.7949898229904089,-758.7988894382098,15397
1901,0	-0.46562361869936897,-670.9253601021238,10062
9728,0	0.08949399646119938,-537.9673819119031,23184
10080,0	0.5958178412756734,-68.71270759116963,5941
3165,0	1.4762362961396205,-26.7785294974562,14348
10255,0	0.893884174098587,10.723238556594637,6834
9518,0	0.07766494611737151,258.1117573475521,5804
2104,0	0.03667072866898646,-95.3596141391072,3511
3068,0	0.34180393660657593,25.477258733930334,131
5069,0	0.7985572048493785,-730.8574882559581,12869
1901,0	-1.5378710413797814,-670.9253601021238,10062
5727,0	0.2026347144322247,-432.09347770342737,12503
5970,0	0.012503690101689724,514.3186985283334,4827
4932,0	0.2939520420146162,-341.2031240507874,12689
2660,0	0.6043513920275112,-555.4313422966479,20153
2757,0	0.6884720232568107,-125.85835855770986,7889
5025,0	-0.16425092484570536,-770.5858553625268,9653
3418,0	-1.302015847411449,-1185.2136734082794,12757
4627,0	-0.4040967549337484,61.51086907112256,3317
156,0	-0.21728716206444787,202.92693615757793,3397
9617,0	-0.5221745731104095,-933.108981099283,16546
3290,0	-0.49133361327034164,-402.2661683602213,17292
6287,0	0.262653403074264,-1019.2801378756895,24393
305,0	-0.23836804684832513,-569.7049678722607,6324
10712,0	-1.5804622077083685,-197.14745165430244,5862
3903,0	1.2818679370297654,-215.19505720090882,5418
1406,0	1.3873124403188837,-962.5024598901009,20631
4439,0	-0.26683500379585245,41.948712727766164,177
4640,0	0.7296670676283692,-931.1385492992342,23525
4847,0	-1.1538809539203814,-90.07998850676923,15564
5656,0	0.8746706389473506,145.0767701597302,10118
6281,0	1.0648912987779076,65.97254833629893,7938
8596,0	-0.03571507237468374,-734.038551011426,23005
3290,0	-0.7953894128053456,-402.2661683602213,17292
7511,0	-1.1426264953436966,-761.3180557248172,19493
5727,0	0.48475309449452997,-432.09347770342737,12503
2913,0	-2.0331257511540364,-564.5643962407962,16544
3418,0	0.5267443375698329,-1185.2136734082794,12757
443,0	0.8931000928488166,185.11670852568605,6560
2757,0	-0.3323908544567269,-125.85835855770986,7889
10080,0	0.06533003639762436,-68.71270759116963,5941
7406,0	-0.1661133636586012,472.77092274724765,7197
4429,0	0.26900997346563127,48.902016407579204,2155
7067,0	0.09001464878501775,-379.12020194539514,13700
7067,0	-0.6305531422444695,-379.12020194539514,13700
9131,0	0.6725241086791929,56.6122414519765,5975
4432,0	-0.5409595354376506,-703.8231515536577,22565
4441,0	-1.1082740217736222,156.71981123913065,2048
566,0	1.2838192863756186,69.18238668836966,379
10109,0	0.20480730029862304,-106.89483548980995,6929
6971,0	0.38328502680438836,-1005.1131975004588,25468
5562,0	-1.5888142334993067,67.94767083902235,9093
6946,0	2.263111485137629,6.7006300667097305,258
4852,0	0.003890924193462375,234.37805531468288,4746
3147,0	-0.12565769244154668,20.59921063081385,2255
4849,0	0.4901534245898844,-20.249620038679446,7739
4640,0	-0.10196558543285539,-931.1385492992342,23525
1901,0	1.6779537761384669,-670.9253601021238,10062
443,0	0.23985304641943905,185.11670852568605,6560
4144,0	-0.263496790307856,-86.44413784229486,3010
4918,0	0.6608632201890381,91.63436940012717,437
4346,0	0.17037534813753208,131.73798873627132,1289
2905,0	0.7727141734028127,408.6783950907569,4334
10429,0	-0.4014199777512304,-604.1662339245473,11567
1564,0	-0.8143002992764932,18.648251470403043,464
851,0	0.34025190491976387,-843.6475727425652,8960
3893,0	-0.6647845212068368,-136.4916067891776,11799
8915,0	-0.3651497099727785,-580.0722511008089,20646
7973,0	-1.4093690027994672,53.37409860011585,1066
4932,0	0.5954670142006737,-341.2031240507874,12689
3740,0	-0.0012561368508556825,199.30625676132237,3856
6971,0	1.0330278973046223,-1005.1131975004588,25468
1289,0	-0.3015321168312384,-739.107143322969,11239
1146,0	0.2905860913148053,31.72144598330341,228
6556,0	0.07175091744262518,69.86087135608147,9216
1803,0	0.9871397082318385,0.8701808861202753,8549
6190,0	-1.3598569846009325,-209.16586923700132,8778
2430,0	0.557979440338956,-302.82770176002526,16170
2290,0	0.36696742762623913,-1135.7619172123582,13771
10712,0	0.47047929435371083,-197.14745165430244,5862
8162,0	-1.2855069974619724,77.20179714904644,1313
4207,0	1.4941360032647717,-136.05208244110565,3182
6287,0	1.0708671191827168,-1019.2801378756895,24393
4640,0	0.23374870028143002,-931.1385492992342,23525
28,0	0.135201599872266,-643.9791448461749,12244
4852,0	-1.2593078335705128,234.37805531468288,4746
6347,0	-0.41592433254619854,-901.1439340069261,13806
305,0	-0.3731489286171583,-569.7049678722607,6324
7257,0	-0.25046764479791284,99.98198363363919,2693
5760,0	1.2572856988181336,-122.3554329814117,9579
2342,0	0.5537954713540509,-77.7340545891964,13545
6408,0	0.8114645328190759,-892.2957516271214,21198
7571,0	-1.3346083444059458,117.2147099489577,740
8392,0	0.3353438917392113,66.76411430301607,294
5607,0	0.14239170314706495,-325.2743323241756,8038
3893,0	0.10857613453086801,-136.4916067891776,11799
5327,0	1.0407139947503747,-550.9182934673607,8410
5814,0	-0.5906974711175366,-336.56349272191886,18298
9528,0	0.7529355272192828,44.31260388083663,9824
3638,0	0.48778792936830406,-898.3919750355501,15996
6287,0	0.5081640652515924,-1019.2801378756895,24393
9617,0	-0.49388490999494694,-933.108981099283,16546
3165,0	0.3760816569643626,-26.7785294974562,14348
7406,0	0.5800987575535199,472.77092274724765,7197
2660,0	0.41662411930023824,-555.4313422966479,20153
4546,0	0.022207953775124967,-252.5633723632367,6189
4932,0	-1.4749555210105938,-341.2031240507874,12689
7517,0	0.10819789295751914,254.00258119713132,5714
1845,0	0.2999223882615518,35.65535264489846,1233
2659,0	1.6804963508345727,145.31383124572838,770
1100,0	0.7701613332004844,248.38049499805726,3068
2290,0	-0.19599553533672376,-1135.7619172123582,13771
6408,0	-1.5973421373216223,-892.2957516271214,21198
8051,0	0.07531399590027332,340.3538801036814,3466
5814,0	0.5293505480901461,-336.56349272191886,18298
10429,0	0.5187431924119399,-604.1662339245473,11567
5640,0	0.03740776574497762,86.06925313715178,543
6408,0	0.4798855854506545,-892.2957516271214,21198
10429,0	1.2600019336706811,-604.1662339245473,11567
3824,0	-2.660174255757344,36.685269485574835,9680
7899,0	0.43594535278305324,-262.61797597352995,7807
6347,0	0.0011789032011051415,-901.1439340069261,13806
3269,0	-0.37311176251279665,32.61571582332647,4695
7517,0	0.9036675798329354,254.00258119713132,5714
8915,0	0.14086655018982297,-580.0722511008089,20646
1406,0	-1.3774928947677645,-962.5024598901009,20631
